0	file:/Users/miriamthompson/Desktop/DH%20Project/Mallet/pre_revolution/HCS13.txt	0.060283687943262415	0.18794326241134754	0.2943262411347518	0.10283687943262411	0.2730496453900709	0.08156028368794327
1	file:/Users/miriamthompson/Desktop/DH%20Project/Mallet/pre_revolution/SKK56.txt	0.08712121212121213	0.24621212121212122	0.1553030303030303	0.01893939393939394	0.178030303030303	0.3143939393939394
2	file:/Users/miriamthompson/Desktop/DH%20Project/Mallet/pre_revolution/SKK42.txt	0.3005952380952381	0.1755952380952381	0.08630952380952381	0.15773809523809526	0.22916666666666669	0.050595238095238096
3	file:/Users/miriamthompson/Desktop/DH%20Project/Mallet/pre_revolution/SKK43.txt	0.13063063063063063	0.34684684684684686	0.10360360360360361	0.21171171171171171	0.022522522522522525	0.18468468468468469
4	file:/Users/miriamthompson/Desktop/DH%20Project/Mallet/pre_revolution/SKK57.txt	0.07986111111111112	0.22569444444444445	0.017361111111111112	0.2465277777777778	0.2465277777777778	0.1840277777777778
5	file:/Users/miriamthompson/Desktop/DH%20Project/Mallet/pre_revolution/HCS12.txt	0.04954954954954956	0.04954954954954956	0.26576576576576577	0.13063063063063063	0.022522522522522525	0.48198198198198194
6	file:/Users/miriamthompson/Desktop/DH%20Project/Mallet/pre_revolution/HCS10.txt	0.16666666666666666	0.19105691056910568	0.23983739837398377	0.06910569105691057	0.16666666666666666	0.16666666666666666
7	file:/Users/miriamthompson/Desktop/DH%20Project/Mallet/pre_revolution/SE14.txt	0.15350877192982457	0.12719298245614033	0.33771929824561403	0.25877192982456143	0.07456140350877194	0.048245614035087724
8	file:/Users/miriamthompson/Desktop/DH%20Project/Mallet/pre_revolution/SKK41.txt	0.19666666666666668	0.25666666666666665	0.09666666666666666	0.37666666666666665	0.05666666666666667	0.016666666666666666
9	file:/Users/miriamthompson/Desktop/DH%20Project/Mallet/pre_revolution/SKK55.txt	0.01851851851851852	0.4185185185185185	0.12962962962962962	0.15185185185185185	0.040740740740740744	0.24074074074074076
10	file:/Users/miriamthompson/Desktop/DH%20Project/Mallet/pre_revolution/SKK69.txt	0.12962962962962962	0.06296296296296297	0.17407407407407408	0.24074074074074076	0.1074074074074074	0.2851851851851852
11	file:/Users/miriamthompson/Desktop/DH%20Project/Mallet/pre_revolution/SKK68.txt	0.0782312925170068	0.22108843537414968	0.017006802721088437	0.2619047619047619	0.13945578231292516	0.28231292517006806
12	file:/Users/miriamthompson/Desktop/DH%20Project/Mallet/pre_revolution/SKK54.txt	0.05782312925170068	0.22108843537414968	0.017006802721088437	0.20068027210884354	0.15986394557823128	0.3435374149659864
13	file:/Users/miriamthompson/Desktop/DH%20Project/Mallet/pre_revolution/SKK40.txt	0.09887005649717513	0.4209039548022599	0.11581920903954802	0.2344632768361582	0.0480225988700565	0.08192090395480225
14	file:/Users/miriamthompson/Desktop/DH%20Project/Mallet/pre_revolution/HCS11.txt	0.2984496124031008	0.06589147286821706	0.2054263565891473	0.11240310077519379	0.08914728682170543	0.22868217054263568
15	file:/Users/miriamthompson/Desktop/DH%20Project/Mallet/pre_revolution/HCS15.txt	0.13988095238095238	0.06845238095238096	0.4613095238095238	0.19345238095238096	0.050595238095238096	0.08630952380952381
16	file:/Users/miriamthompson/Desktop/DH%20Project/Mallet/pre_revolution/SE11.txt	0.04263565891472869	0.11240310077519379	0.3449612403100775	0.22868217054263568	0.04263565891472869	0.22868217054263568
17	file:/Users/miriamthompson/Desktop/DH%20Project/Mallet/pre_revolution/SKK44.txt	0.12681159420289853	0.213768115942029	0.03985507246376812	0.5181159420289855	0.03985507246376812	0.06159420289855073
18	file:/Users/miriamthompson/Desktop/DH%20Project/Mallet/pre_revolution/SKK50.txt	0.12681159420289853	0.018115942028985508	0.10507246376811594	0.213768115942029	0.27898550724637683	0.25724637681159424
19	file:/Users/miriamthompson/Desktop/DH%20Project/Mallet/pre_revolution/SKK51.txt	0.3682170542635659	0.15891472868217055	0.04263565891472869	0.1821705426356589	0.15891472868217055	0.08914728682170543
20	file:/Users/miriamthompson/Desktop/DH%20Project/Mallet/pre_revolution/SKK45.txt	0.05555555555555556	0.13398692810457516	0.09477124183006536	0.13398692810457516	0.3300653594771242	0.25163398692810457
21	file:/Users/miriamthompson/Desktop/DH%20Project/Mallet/pre_revolution/SE10.txt	0.05782312925170068	0.11904761904761904	0.5884353741496599	0.03741496598639456	0.03741496598639456	0.15986394557823128
22	file:/Users/miriamthompson/Desktop/DH%20Project/Mallet/pre_revolution/HCS14.txt	0.01937984496124031	0.01937984496124031	0.46124031007751937	0.22868217054263568	0.15891472868217055	0.11240310077519379
23	file:/Users/miriamthompson/Desktop/DH%20Project/Mallet/pre_revolution/HCS16.txt	0.03819444444444445	0.03819444444444445	0.16319444444444445	0.43402777777777773	0.22569444444444445	0.10069444444444443
24	file:/Users/miriamthompson/Desktop/DH%20Project/Mallet/pre_revolution/SKK9.txt	0.04583333333333334	0.07083333333333333	0.32083333333333336	0.3458333333333333	0.020833333333333336	0.19583333333333333
25	file:/Users/miriamthompson/Desktop/DH%20Project/Mallet/pre_revolution/SKK53.txt	0.016666666666666666	0.19666666666666668	0.17666666666666667	0.2966666666666667	0.11666666666666665	0.19666666666666668
26	file:/Users/miriamthompson/Desktop/DH%20Project/Mallet/pre_revolution/SKK47.txt	0.05902777777777778	0.3298611111111111	0.07986111111111112	0.07986111111111112	0.2673611111111111	0.1840277777777778
27	file:/Users/miriamthompson/Desktop/DH%20Project/Mallet/pre_revolution/SE12.txt	0.04583333333333334	0.22083333333333335	0.4208333333333333	0.14583333333333331	0.04583333333333334	0.12083333333333332
28	file:/Users/miriamthompson/Desktop/DH%20Project/Mallet/pre_revolution/SE8.txt	0.22649572649572652	0.047008547008547015	0.30341880341880345	0.12393162393162392	0.14957264957264957	0.14957264957264957
29	file:/Users/miriamthompson/Desktop/DH%20Project/Mallet/pre_revolution/SE9.txt	0.1865079365079365	0.1388888888888889	0.32936507936507936	0.09126984126984128	0.11507936507936507	0.1388888888888889
30	file:/Users/miriamthompson/Desktop/DH%20Project/Mallet/pre_revolution/SE13.txt	0.3888888888888889	0.025252525252525252	0.23737373737373738	0.17676767676767677	0.11616161616161616	0.05555555555555556
31	file:/Users/miriamthompson/Desktop/DH%20Project/Mallet/pre_revolution/SKK46.txt	0.3117283950617284	0.12654320987654322	0.25617283950617287	0.18209876543209877	0.08950617283950617	0.03395061728395062
32	file:/Users/miriamthompson/Desktop/DH%20Project/Mallet/pre_revolution/SKK52.txt	0.03333333333333333	0.3242424242424242	0.10606060606060605	0.05151515151515152	0.21515151515151515	0.2696969696969697
33	file:/Users/miriamthompson/Desktop/DH%20Project/Mallet/pre_revolution/SKK8.txt	0.13565891472868216	0.2751937984496124	0.32170542635658916	0.04263565891472869	0.13565891472868216	0.08914728682170543
34	file:/Users/miriamthompson/Desktop/DH%20Project/Mallet/pre_revolution/HCS17.txt	0.03594771241830066	0.25163398692810457	0.11437908496732026	0.173202614379085	0.34967320261437906	0.07516339869281045
35	file:/Users/miriamthompson/Desktop/DH%20Project/Mallet/pre_revolution/SKK35.txt	0.5863095238095238	0.014880952380952382	0.014880952380952382	0.08630952380952381	0.050595238095238096	0.24702380952380953
36	file:/Users/miriamthompson/Desktop/DH%20Project/Mallet/pre_revolution/SKK21.txt	0.15229885057471265	0.13505747126436782	0.10057471264367815	0.13505747126436782	0.4454022988505747	0.031609195402298854
37	file:/Users/miriamthompson/Desktop/DH%20Project/Mallet/pre_revolution/EEB11.txt	0.019841269841269844	0.1388888888888889	0.019841269841269844	0.1388888888888889	0.6388888888888888	0.043650793650793655
38	file:/Users/miriamthompson/Desktop/DH%20Project/Mallet/pre_revolution/ESD6.txt	0.03985507246376812	0.1920289855072464	0.5181159420289855	0.12681159420289853	0.018115942028985508	0.10507246376811594
39	file:/Users/miriamthompson/Desktop/DH%20Project/Mallet/pre_revolution/ESD7.txt	0.06845238095238096	0.15773809523809526	0.3720238095238095	0.2113095238095238	0.06845238095238096	0.12202380952380952
40	file:/Users/miriamthompson/Desktop/DH%20Project/Mallet/pre_revolution/EEB10.txt	0.04583333333333334	0.07083333333333333	0.020833333333333336	0.17083333333333334	0.5958333333333333	0.09583333333333334
41	file:/Users/miriamthompson/Desktop/DH%20Project/Mallet/pre_revolution/SKK20.txt	0.4593495934959349	0.0934959349593496	0.044715447154471545	0.19105691056910568	0.044715447154471545	0.16666666666666666
42	file:/Users/miriamthompson/Desktop/DH%20Project/Mallet/pre_revolution/SKK34.txt	0.4255952380952381	0.3363095238095238	0.014880952380952382	0.15773809523809526	0.014880952380952382	0.050595238095238096
43	file:/Users/miriamthompson/Desktop/DH%20Project/Mallet/pre_revolution/SKK22.txt	0.10283687943262411	0.3581560283687943	0.23049645390070922	0.01773049645390071	0.23049645390070922	0.060283687943262415
44	file:/Users/miriamthompson/Desktop/DH%20Project/Mallet/pre_revolution/SKK36.txt	0.34420289855072467	0.43115942028985504	0.06159420289855073	0.06159420289855073	0.06159420289855073	0.03985507246376812
45	file:/Users/miriamthompson/Desktop/DH%20Project/Mallet/pre_revolution/EEB8.txt	0.025252525252525252	0.17676767676767677	0.11616161616161616	0.4191919191919192	0.23737373737373738	0.025252525252525252
46	file:/Users/miriamthompson/Desktop/DH%20Project/Mallet/pre_revolution/ESD5.txt	0.031073446327683617	0.268361581920904	0.33615819209039544	0.11581920903954802	0.031073446327683617	0.21751412429378533
47	file:/Users/miriamthompson/Desktop/DH%20Project/Mallet/pre_revolution/ESD10.txt	0.07098765432098765	0.2932098765432099	0.3672839506172839	0.2006172839506173	0.03395061728395062	0.03395061728395062
48	file:/Users/miriamthompson/Desktop/DH%20Project/Mallet/pre_revolution/ESD11.txt	0.05902777777777778	0.017361111111111112	0.517361111111111	0.20486111111111113	0.05902777777777778	0.1423611111111111
49	file:/Users/miriamthompson/Desktop/DH%20Project/Mallet/pre_revolution/ESD4.txt	0.08518518518518518	0.06296296296296297	0.4407407407407407	0.37407407407407406	0.01851851851851852	0.01851851851851852
50	file:/Users/miriamthompson/Desktop/DH%20Project/Mallet/pre_revolution/EEB9.txt	0.016666666666666666	0.016666666666666666	0.03666666666666667	0.33666666666666667	0.5366666666666666	0.05666666666666667
51	file:/Users/miriamthompson/Desktop/DH%20Project/Mallet/pre_revolution/SKK37.txt	0.20075757575757577	0.268939393939394	0.268939393939394	0.04166666666666667	0.04166666666666667	0.178030303030303
52	file:/Users/miriamthompson/Desktop/DH%20Project/Mallet/pre_revolution/SKK23.txt	0.3672839506172839	0.03395061728395062	0.10802469135802469	0.03395061728395062	0.2006172839506173	0.25617283950617287
53	file:/Users/miriamthompson/Desktop/DH%20Project/Mallet/pre_revolution/SKK27.txt	0.1074074074074074	0.1962962962962963	0.12962962962962962	0.26296296296296295	0.1074074074074074	0.1962962962962963
54	file:/Users/miriamthompson/Desktop/DH%20Project/Mallet/pre_revolution/SKK33.txt	0.01937984496124031	0.5310077519379844	0.06589147286821706	0.11240310077519379	0.08914728682170543	0.1821705426356589
55	file:/Users/miriamthompson/Desktop/DH%20Project/Mallet/pre_revolution/ESD1.txt	0.01937984496124031	0.06589147286821706	0.5310077519379844	0.22868217054263568	0.08914728682170543	0.06589147286821706
56	file:/Users/miriamthompson/Desktop/DH%20Project/Mallet/pre_revolution/SKK32.txt	0.12719298245614033	0.15350877192982457	0.36403508771929827	0.15350877192982457	0.10087719298245615	0.10087719298245615
57	file:/Users/miriamthompson/Desktop/DH%20Project/Mallet/pre_revolution/SKK26.txt	0.020833333333333336	0.12083333333333332	0.27083333333333337	0.12083333333333332	0.12083333333333332	0.3458333333333333
58	file:/Users/miriamthompson/Desktop/DH%20Project/Mallet/pre_revolution/SKK18.txt	0.20698924731182797	0.02956989247311828	0.06182795698924731	0.07795698924731183	0.4327956989247312	0.19086021505376344
59	file:/Users/miriamthompson/Desktop/DH%20Project/Mallet/pre_revolution/SKK30.txt	0.10057471264367815	0.34195402298850575	0.04885057471264368	0.18678160919540232	0.10057471264367815	0.22126436781609196
60	file:/Users/miriamthompson/Desktop/DH%20Project/Mallet/pre_revolution/SKK24.txt	0.4209039548022599	0.014124293785310734	0.09887005649717513	0.031073446327683617	0.1327683615819209	0.3022598870056497
61	file:/Users/miriamthompson/Desktop/DH%20Project/Mallet/pre_revolution/HCS9.txt	0.12681159420289853	0.08333333333333334	0.12681159420289853	0.06159420289855073	0.43115942028985504	0.17028985507246377
62	file:/Users/miriamthompson/Desktop/DH%20Project/Mallet/pre_revolution/ESD3.txt	0.01937984496124031	0.11240310077519379	0.6007751937984496	0.08914728682170543	0.11240310077519379	0.06589147286821706
63	file:/Users/miriamthompson/Desktop/DH%20Project/Mallet/pre_revolution/ESD2.txt	0.08333333333333334	0.08333333333333334	0.6485507246376812	0.10507246376811594	0.06159420289855073	0.018115942028985508
64	file:/Users/miriamthompson/Desktop/DH%20Project/Mallet/pre_revolution/HCS8.txt	0.12962962962962962	0.12962962962962962	0.15185185185185185	0.08518518518518518	0.37407407407407406	0.12962962962962962
65	file:/Users/miriamthompson/Desktop/DH%20Project/Mallet/pre_revolution/SKK25.txt	0.2932098765432099	0.05246913580246914	0.0154320987654321	0.2006172839506173	0.08950617283950617	0.3487654320987654
66	file:/Users/miriamthompson/Desktop/DH%20Project/Mallet/pre_revolution/SKK31.txt	0.10069444444444443	0.4131944444444444	0.017361111111111112	0.16319444444444445	0.22569444444444445	0.07986111111111112
67	file:/Users/miriamthompson/Desktop/DH%20Project/Mallet/pre_revolution/SKK19.txt	0.02192982456140351	0.31140350877192985	0.20614035087719298	0.07456140350877194	0.31140350877192985	0.07456140350877194
68	file:/Users/miriamthompson/Desktop/DH%20Project/Mallet/pre_revolution/SKK14.txt	0.16169154228855723	0.10199004975124377	0.1318407960199005	0.11691542288557213	0.1318407960199005	0.35572139303482586
69	file:/Users/miriamthompson/Desktop/DH%20Project/Mallet/pre_revolution/SKK28.txt	0.05555555555555556	0.25163398692810457	0.23202614379084968	0.19281045751633988	0.19281045751633988	0.07516339869281045
70	file:/Users/miriamthompson/Desktop/DH%20Project/Mallet/pre_revolution/EEB2.txt	0.0913978494623656	0.3172043010752688	0.026881720430107527	0.3172043010752688	0.15591397849462366	0.0913978494623656
71	file:/Users/miriamthompson/Desktop/DH%20Project/Mallet/pre_revolution/HCS5.txt	0.10069444444444443	0.10069444444444443	0.22569444444444445	0.20486111111111113	0.16319444444444445	0.20486111111111113
72	file:/Users/miriamthompson/Desktop/DH%20Project/Mallet/pre_revolution/HCS4.txt	0.13505747126436782	0.18678160919540232	0.3247126436781609	0.08333333333333333	0.13505747126436782	0.13505747126436782
73	file:/Users/miriamthompson/Desktop/DH%20Project/Mallet/pre_revolution/EEB3.txt	0.10360360360360361	0.10360360360360361	0.022522522522522525	0.34684684684684686	0.34684684684684686	0.07657657657657659
74	file:/Users/miriamthompson/Desktop/DH%20Project/Mallet/pre_revolution/SKK29.txt	0.021367521367521368	0.1752136752136752	0.09829059829059829	0.3547008547008547	0.12393162393162392	0.22649572649572652
75	file:/Users/miriamthompson/Desktop/DH%20Project/Mallet/pre_revolution/SKK15.txt	0.3720238095238095	0.08630952380952381	0.24702380952380953	0.2113095238095238	0.06845238095238096	0.014880952380952382
76	file:/Users/miriamthompson/Desktop/DH%20Project/Mallet/pre_revolution/SKK17.txt	0.4432624113475177	0.060283687943262415	0.1453900709219858	0.08156028368794327	0.16666666666666666	0.10283687943262411
77	file:/Users/miriamthompson/Desktop/DH%20Project/Mallet/pre_revolution/EEB1.txt	0.17676767676767677	0.14646464646464646	0.05555555555555556	0.17676767676767677	0.4191919191919192	0.025252525252525252
78	file:/Users/miriamthompson/Desktop/DH%20Project/Mallet/pre_revolution/HCS6.txt	0.24213836477987422	0.05345911949685535	0.034591194968553465	0.110062893081761	0.31761006289308175	0.24213836477987422
79	file:/Users/miriamthompson/Desktop/DH%20Project/Mallet/pre_revolution/HCS7.txt	0.014880952380952382	0.22916666666666669	0.19345238095238096	0.15773809523809526	0.28273809523809523	0.12202380952380952
80	file:/Users/miriamthompson/Desktop/DH%20Project/Mallet/pre_revolution/SKK16.txt	0.017361111111111112	0.20486111111111113	0.20486111111111113	0.07986111111111112	0.1423611111111111	0.3506944444444444
81	file:/Users/miriamthompson/Desktop/DH%20Project/Mallet/pre_revolution/SKK12.txt	0.23245614035087722	0.12719298245614033	0.17982456140350878	0.048245614035087724	0.20614035087719298	0.20614035087719298
82	file:/Users/miriamthompson/Desktop/DH%20Project/Mallet/pre_revolution/EEB4.txt	0.05345911949685535	0.07232704402515723	0.05345911949685535	0.14779874213836477	0.5628930817610063	0.110062893081761
83	file:/Users/miriamthompson/Desktop/DH%20Project/Mallet/pre_revolution/HCS3.txt	0.13505747126436782	0.031609195402298854	0.20402298850574713	0.18678160919540232	0.22126436781609196	0.22126436781609196
84	file:/Users/miriamthompson/Desktop/DH%20Project/Mallet/pre_revolution/ESD9.txt	0.032163742690058485	0.19005847953216376	0.34795321637426896	0.15497076023391815	0.032163742690058485	0.24269005847953218
85	file:/Users/miriamthompson/Desktop/DH%20Project/Mallet/pre_revolution/ESD8.txt	0.03819444444444445	0.017361111111111112	0.2465277777777778	0.3298611111111111	0.2881944444444445	0.07986111111111112
86	file:/Users/miriamthompson/Desktop/DH%20Project/Mallet/pre_revolution/HCS2.txt	0.20370370370370372	0.029100529100529102	0.18783068783068785	0.07671957671957672	0.3783068783068783	0.12433862433862433
87	file:/Users/miriamthompson/Desktop/DH%20Project/Mallet/pre_revolution/EEB5.txt	0.048245614035087724	0.02192982456140351	0.048245614035087724	0.33771929824561403	0.44298245614035087	0.10087719298245615
88	file:/Users/miriamthompson/Desktop/DH%20Project/Mallet/pre_revolution/SKK13.txt	0.3298611111111111	0.2465277777777778	0.1423611111111111	0.07986111111111112	0.017361111111111112	0.1840277777777778
89	file:/Users/miriamthompson/Desktop/DH%20Project/Mallet/pre_revolution/SKK39.txt	0.09119496855345911	0.41194968553459116	0.034591194968553465	0.05345911949685535	0.24213836477987422	0.16666666666666669
90	file:/Users/miriamthompson/Desktop/DH%20Project/Mallet/pre_revolution/SKK11.txt	0.23412698412698413	0.06746031746031747	0.5198412698412698	0.019841269841269844	0.019841269841269844	0.1388888888888889
91	file:/Users/miriamthompson/Desktop/DH%20Project/Mallet/pre_revolution/EEB7.txt	0.06746031746031747	0.09126984126984128	0.09126984126984128	0.28174603174603174	0.40079365079365076	0.06746031746031747
92	file:/Users/miriamthompson/Desktop/DH%20Project/Mallet/pre_revolution/HCS1.txt	0.08333333333333334	0.05392156862745098	0.1715686274509804	0.25980392156862747	0.14215686274509803	0.28921568627450983
93	file:/Users/miriamthompson/Desktop/DH%20Project/Mallet/pre_revolution/EEB6.txt	0.03741496598639456	0.05782312925170068	0.05782312925170068	0.30272108843537415	0.5272108843537415	0.017006802721088437
94	file:/Users/miriamthompson/Desktop/DH%20Project/Mallet/pre_revolution/SKK10.txt	0.5382513661202186	0.11202185792349727	0.14480874316939893	0.03005464480874317	0.013661202185792351	0.16120218579234974
95	file:/Users/miriamthompson/Desktop/DH%20Project/Mallet/pre_revolution/SKK38.txt	0.15350877192982457	0.25877192982456143	0.07456140350877194	0.048245614035087724	0.10087719298245615	0.36403508771929827
96	file:/Users/miriamthompson/Desktop/DH%20Project/Mallet/pre_revolution/HCS26.txt	0.10283687943262411	0.23049645390070922	0.37943262411347517	0.18794326241134754	0.01773049645390071	0.08156028368794327
97	file:/Users/miriamthompson/Desktop/DH%20Project/Mallet/pre_revolution/SKK5.txt	0.33739837398373984	0.16666666666666666	0.21544715447154472	0.02032520325203252	0.02032520325203252	0.23983739837398377
98	file:/Users/miriamthompson/Desktop/DH%20Project/Mallet/pre_revolution/SKK63.txt	0.33666666666666667	0.13666666666666666	0.07666666666666667	0.25666666666666665	0.03666666666666667	0.15666666666666665
99	file:/Users/miriamthompson/Desktop/DH%20Project/Mallet/pre_revolution/SE4.txt	0.2054263565891473	0.04263565891472869	0.08914728682170543	0.22868217054263568	0.08914728682170543	0.3449612403100775
100	file:/Users/miriamthompson/Desktop/DH%20Project/Mallet/pre_revolution/SE5.txt	0.45987654320987653	0.0154320987654321	0.2932098765432099	0.07098765432098765	0.12654320987654322	0.03395061728395062
101	file:/Users/miriamthompson/Desktop/DH%20Project/Mallet/pre_revolution/SKK4.txt	0.07083333333333333	0.07083333333333333	0.14583333333333331	0.37083333333333335	0.020833333333333336	0.32083333333333336
102	file:/Users/miriamthompson/Desktop/DH%20Project/Mallet/pre_revolution/SKK62.txt	0.04970760233918129	0.47076023391812866	0.13742690058479531	0.20760233918128657	0.04970760233918129	0.0847953216374269
103	file:/Users/miriamthompson/Desktop/DH%20Project/Mallet/pre_revolution/HCS27.txt	0.01893939393939394	0.01893939393939394	0.428030303030303	0.01893939393939394	0.428030303030303	0.08712121212121213
104	file:/Users/miriamthompson/Desktop/DH%20Project/Mallet/pre_revolution/HCS19.txt	0.17676767676767677	0.05555555555555556	0.4494949494949495	0.17676767676767677	0.025252525252525252	0.11616161616161616
105	file:/Users/miriamthompson/Desktop/DH%20Project/Mallet/pre_revolution/HCS25.txt	0.17407407407407408	0.1074074074074074	0.35185185185185186	0.040740740740740744	0.2851851851851852	0.040740740740740744
106	file:/Users/miriamthompson/Desktop/DH%20Project/Mallet/pre_revolution/SKK60.txt	0.01893939393939394	0.35984848484848486	0.08712121212121213	0.20075757575757577	0.06439393939393939	0.268939393939394
107	file:/Users/miriamthompson/Desktop/DH%20Project/Mallet/pre_revolution/SKK6.txt	0.11507936507936507	0.3531746031746032	0.019841269841269844	0.09126984126984128	0.21031746031746032	0.21031746031746032
108	file:/Users/miriamthompson/Desktop/DH%20Project/Mallet/pre_revolution/SKK48.txt	0.04954954954954956	0.4009009009009009	0.10360360360360361	0.10360360360360361	0.21171171171171171	0.13063063063063063
109	file:/Users/miriamthompson/Desktop/DH%20Project/Mallet/pre_revolution/SE7.txt	0.08712121212121213	0.178030303030303	0.268939393939394	0.04166666666666667	0.1553030303030303	0.268939393939394
110	file:/Users/miriamthompson/Desktop/DH%20Project/Mallet/pre_revolution/SE6.txt	0.21851851851851853	0.06296296296296297	0.4407407407407407	0.040740740740740744	0.06296296296296297	0.17407407407407408
111	file:/Users/miriamthompson/Desktop/DH%20Project/Mallet/pre_revolution/SKK49.txt	0.5884353741496599	0.03741496598639456	0.017006802721088437	0.11904761904761904	0.13945578231292516	0.09863945578231292
112	file:/Users/miriamthompson/Desktop/DH%20Project/Mallet/pre_revolution/SKK61.txt	0.05151515151515152	0.2696969696969697	0.1606060606060606	0.2696969696969697	0.12424242424242424	0.12424242424242424
113	file:/Users/miriamthompson/Desktop/DH%20Project/Mallet/pre_revolution/SKK7.txt	0.33687943262411346	0.08156028368794327	0.23049645390070922	0.12411347517730496	0.060283687943262415	0.16666666666666666
114	file:/Users/miriamthompson/Desktop/DH%20Project/Mallet/pre_revolution/HCS24.txt	0.13398692810457516	0.23202614379084968	0.15359477124183005	0.3300653594771242	0.05555555555555556	0.09477124183006536
115	file:/Users/miriamthompson/Desktop/DH%20Project/Mallet/pre_revolution/HCS18.txt	0.19583333333333333	0.09583333333333334	0.4458333333333333	0.14583333333333331	0.020833333333333336	0.09583333333333334
116	file:/Users/miriamthompson/Desktop/DH%20Project/Mallet/pre_revolution/HCS20.txt	0.4549549549549549	0.04954954954954956	0.26576576576576577	0.15765765765765766	0.022522522522522525	0.04954954954954956
117	file:/Users/miriamthompson/Desktop/DH%20Project/Mallet/pre_revolution/SKK59.txt	0.10802469135802469	0.16358024691358025	0.16358024691358025	0.10802469135802469	0.14506172839506173	0.3117283950617284
118	file:/Users/miriamthompson/Desktop/DH%20Project/Mallet/pre_revolution/SKK3.txt	0.24269005847953218	0.17251461988304095	0.2777777777777778	0.17251461988304095	0.014619883040935673	0.11988304093567251
119	file:/Users/miriamthompson/Desktop/DH%20Project/Mallet/pre_revolution/SKK65.txt	0.0782312925170068	0.017006802721088437	0.017006802721088437	0.017006802721088437	0.3435374149659864	0.5272108843537415
120	file:/Users/miriamthompson/Desktop/DH%20Project/Mallet/pre_revolution/SKK71.txt	0.0847953216374269	0.34795321637426896	0.014619883040935673	0.260233918128655	0.13742690058479531	0.15497076023391815
121	file:/Users/miriamthompson/Desktop/DH%20Project/Mallet/pre_revolution/SE2.txt	0.10648148148148148	0.13425925925925924	0.46759259259259256	0.13425925925925924	0.02314814814814815	0.13425925925925924
122	file:/Users/miriamthompson/Desktop/DH%20Project/Mallet/pre_revolution/SE3.txt	0.1553030303030303	0.08712121212121213	0.3143939393939394	0.3143939393939394	0.01893939393939394	0.10984848484848485
123	file:/Users/miriamthompson/Desktop/DH%20Project/Mallet/pre_revolution/SKK70.txt	0.08156028368794327	0.10283687943262411	0.16666666666666666	0.46453900709219853	0.1453900709219858	0.03900709219858156
124	file:/Users/miriamthompson/Desktop/DH%20Project/Mallet/pre_revolution/SKK2.txt	0.05555555555555556	0.3585858585858586	0.05555555555555556	0.11616161616161616	0.08585858585858586	0.3282828282828283
125	file:/Users/miriamthompson/Desktop/DH%20Project/Mallet/pre_revolution/SKK64.txt	0.04263565891472869	0.22868217054263568	0.11240310077519379	0.15891472868217055	0.11240310077519379	0.3449612403100775
126	file:/Users/miriamthompson/Desktop/DH%20Project/Mallet/pre_revolution/SKK58.txt	0.05392156862745098	0.37745098039215685	0.08333333333333334	0.11274509803921569	0.3186274509803922	0.05392156862745098
127	file:/Users/miriamthompson/Desktop/DH%20Project/Mallet/pre_revolution/HCS21.txt	0.41203703703703703	0.02314814814814815	0.16203703703703703	0.27314814814814814	0.02314814814814815	0.10648148148148148
128	file:/Users/miriamthompson/Desktop/DH%20Project/Mallet/pre_revolution/HCS23.txt	0.15185185185185185	0.06296296296296297	0.26296296296296295	0.01851851851851852	0.08518518518518518	0.4185185185185185
129	file:/Users/miriamthompson/Desktop/DH%20Project/Mallet/pre_revolution/SKK66.txt	0.015723270440251572	0.4496855345911949	0.16666666666666669	0.16666666666666669	0.110062893081761	0.09119496855345911
130	file:/Users/miriamthompson/Desktop/DH%20Project/Mallet/pre_revolution/SE1.txt	0.26422764227642276	0.02032520325203252	0.48373983739837395	0.11788617886178861	0.02032520325203252	0.0934959349593496
131	file:/Users/miriamthompson/Desktop/DH%20Project/Mallet/pre_revolution/SKK67.txt	0.06589147286821706	0.11240310077519379	0.06589147286821706	0.08914728682170543	0.3682170542635659	0.2984496124031008
132	file:/Users/miriamthompson/Desktop/DH%20Project/Mallet/pre_revolution/SKK1.txt	0.08914728682170543	0.22868217054263568	0.08914728682170543	0.13565891472868216	0.22868217054263568	0.22868217054263568
133	file:/Users/miriamthompson/Desktop/DH%20Project/Mallet/pre_revolution/HCS22.txt	0.2517730496453901	0.08156028368794327	0.2730496453900709	0.08156028368794327	0.060283687943262415	0.2517730496453901
