0	file:/Users/miriamthompson/Desktop/DH%20Project/Mallet/pre_revolution/HCS13.txt	0.005319148936170213	0.026595744680851064	0.005319148936170213	0.005319148936170213	0.026595744680851064	0.06914893617021277	0.047872340425531915	0.005319148936170213	0.005319148936170213	0.047872340425531915	0.026595744680851064	0.09042553191489362	0.11170212765957446	0.026595744680851064	0.13297872340425532	0.19680851063829788	0.026595744680851064	0.005319148936170213	0.005319148936170213	0.13297872340425532
1	file:/Users/miriamthompson/Desktop/DH%20Project/Mallet/pre_revolution/SKK56.txt	0.005681818181818182	0.028409090909090908	0.14204545454545456	0.005681818181818182	0.14204545454545456	0.09659090909090909	0.05113636363636364	0.005681818181818182	0.09659090909090909	0.005681818181818182	0.028409090909090908	0.005681818181818182	0.11931818181818182	0.005681818181818182	0.005681818181818182	0.005681818181818182	0.005681818181818182	0.14204545454545456	0.005681818181818182	0.09659090909090909
2	file:/Users/miriamthompson/Desktop/DH%20Project/Mallet/pre_revolution/SKK42.txt	0.004464285714285714	0.004464285714285714	0.004464285714285714	0.004464285714285714	0.11160714285714286	0.004464285714285714	0.004464285714285714	0.004464285714285714	0.022321428571428572	0.05803571428571429	0.16517857142857142	0.004464285714285714	0.022321428571428572	0.11160714285714286	0.07589285714285714	0.004464285714285714	0.022321428571428572	0.27232142857142855	0.09375	0.004464285714285714
3	file:/Users/miriamthompson/Desktop/DH%20Project/Mallet/pre_revolution/SKK43.txt	0.006756756756756757	0.006756756756756757	0.033783783783783786	0.033783783783783786	0.08783783783783784	0.060810810810810814	0.060810810810810814	0.16891891891891891	0.006756756756756757	0.006756756756756757	0.006756756756756757	0.006756756756756757	0.060810810810810814	0.006756756756756757	0.006756756756756757	0.033783783783783786	0.060810810810810814	0.006756756756756757	0.22297297297297297	0.11486486486486487
4	file:/Users/miriamthompson/Desktop/DH%20Project/Mallet/pre_revolution/SKK57.txt	0.06770833333333333	0.005208333333333333	0.026041666666666668	0.046875	0.005208333333333333	0.005208333333333333	0.046875	0.005208333333333333	0.005208333333333333	0.15104166666666666	0.06770833333333333	0.026041666666666668	0.08854166666666667	0.13020833333333334	0.026041666666666668	0.109375	0.005208333333333333	0.06770833333333333	0.026041666666666668	0.08854166666666667
5	file:/Users/miriamthompson/Desktop/DH%20Project/Mallet/pre_revolution/HCS12.txt	0.006756756756756757	0.006756756756756757	0.08783783783783784	0.006756756756756757	0.006756756756756757	0.006756756756756757	0.08783783783783784	0.033783783783783786	0.006756756756756757	0.006756756756756757	0.033783783783783786	0.4391891891891892	0.006756756756756757	0.006756756756756757	0.006756756756756757	0.033783783783783786	0.08783783783783784	0.006756756756756757	0.006756756756756757	0.11486486486486487
6	file:/Users/miriamthompson/Desktop/DH%20Project/Mallet/pre_revolution/HCS10.txt	0.03048780487804878	0.006097560975609756	0.17682926829268292	0.006097560975609756	0.006097560975609756	0.006097560975609756	0.006097560975609756	0.07926829268292683	0.006097560975609756	0.27439024390243905	0.03048780487804878	0.12804878048780488	0.054878048780487805	0.006097560975609756	0.006097560975609756	0.006097560975609756	0.006097560975609756	0.03048780487804878	0.12804878048780488	0.006097560975609756
7	file:/Users/miriamthompson/Desktop/DH%20Project/Mallet/pre_revolution/SE14.txt	0.006578947368421052	0.006578947368421052	0.05921052631578947	0.006578947368421052	0.13815789473684212	0.006578947368421052	0.03289473684210526	0.05921052631578947	0.006578947368421052	0.006578947368421052	0.03289473684210526	0.16447368421052633	0.006578947368421052	0.03289473684210526	0.08552631578947369	0.19078947368421054	0.08552631578947369	0.006578947368421052	0.006578947368421052	0.05921052631578947
8	file:/Users/miriamthompson/Desktop/DH%20Project/Mallet/pre_revolution/SKK41.txt	0.005	0.005	0.005	0.005	0.105	0.105	0.005	0.305	0.005	0.065	0.185	0.065	0.005	0.005	0.005	0.005	0.005	0.065	0.045	0.005
9	file:/Users/miriamthompson/Desktop/DH%20Project/Mallet/pre_revolution/SKK55.txt	0.05	0.20555555555555555	0.09444444444444444	0.05	0.005555555555555556	0.11666666666666667	0.07222222222222222	0.027777777777777776	0.07222222222222222	0.005555555555555556	0.005555555555555556	0.07222222222222222	0.005555555555555556	0.005555555555555556	0.05	0.07222222222222222	0.05	0.027777777777777776	0.005555555555555556	0.005555555555555556
10	file:/Users/miriamthompson/Desktop/DH%20Project/Mallet/pre_revolution/SKK69.txt	0.005555555555555556	0.07222222222222222	0.05	0.005555555555555556	0.11666666666666667	0.005555555555555556	0.005555555555555556	0.005555555555555556	0.005555555555555556	0.25	0.07222222222222222	0.16111111111111112	0.027777777777777776	0.1388888888888889	0.005555555555555556	0.005555555555555556	0.005555555555555556	0.005555555555555556	0.05	0.005555555555555556
11	file:/Users/miriamthompson/Desktop/DH%20Project/Mallet/pre_revolution/SKK68.txt	0.00510204081632653	0.00510204081632653	0.00510204081632653	0.04591836734693878	0.04591836734693878	0.10714285714285714	0.00510204081632653	0.025510204081632654	0.3112244897959184	0.04591836734693878	0.00510204081632653	0.04591836734693878	0.14795918367346939	0.08673469387755102	0.00510204081632653	0.025510204081632654	0.0663265306122449	0.00510204081632653	0.00510204081632653	0.00510204081632653
12	file:/Users/miriamthompson/Desktop/DH%20Project/Mallet/pre_revolution/SKK54.txt	0.00510204081632653	0.00510204081632653	0.025510204081632654	0.08673469387755102	0.00510204081632653	0.04591836734693878	0.3520408163265306	0.0663265306122449	0.00510204081632653	0.08673469387755102	0.025510204081632654	0.04591836734693878	0.00510204081632653	0.00510204081632653	0.00510204081632653	0.00510204081632653	0.00510204081632653	0.14795918367346939	0.00510204081632653	0.0663265306122449
13	file:/Users/miriamthompson/Desktop/DH%20Project/Mallet/pre_revolution/SKK40.txt	0.00423728813559322	0.00423728813559322	0.00423728813559322	0.00423728813559322	0.0211864406779661	0.0211864406779661	0.038135593220338986	0.3771186440677966	0.08898305084745763	0.00423728813559322	0.00423728813559322	0.00423728813559322	0.00423728813559322	0.00423728813559322	0.00423728813559322	0.0211864406779661	0.00423728813559322	0.2584745762711864	0.05508474576271186	0.07203389830508475
14	file:/Users/miriamthompson/Desktop/DH%20Project/Mallet/pre_revolution/HCS11.txt	0.005813953488372093	0.005813953488372093	0.14534883720930233	0.005813953488372093	0.005813953488372093	0.005813953488372093	0.09883720930232558	0.005813953488372093	0.005813953488372093	0.005813953488372093	0.19186046511627908	0.3081395348837209	0.029069767441860465	0.005813953488372093	0.005813953488372093	0.0755813953488372	0.05232558139534884	0.005813953488372093	0.029069767441860465	0.005813953488372093
15	file:/Users/miriamthompson/Desktop/DH%20Project/Mallet/pre_revolution/HCS15.txt	0.004464285714285714	0.004464285714285714	0.004464285714285714	0.004464285714285714	0.11160714285714286	0.022321428571428572	0.004464285714285714	0.05803571428571429	0.004464285714285714	0.004464285714285714	0.05803571428571429	0.12946428571428573	0.004464285714285714	0.022321428571428572	0.004464285714285714	0.16517857142857142	0.05803571428571429	0.004464285714285714	0.32589285714285715	0.004464285714285714
16	file:/Users/miriamthompson/Desktop/DH%20Project/Mallet/pre_revolution/SE11.txt	0.005813953488372093	0.005813953488372093	0.005813953488372093	0.005813953488372093	0.005813953488372093	0.1686046511627907	0.005813953488372093	0.029069767441860465	0.09883720930232558	0.09883720930232558	0.005813953488372093	0.3313953488372093	0.005813953488372093	0.005813953488372093	0.005813953488372093	0.005813953488372093	0.005813953488372093	0.005813953488372093	0.029069767441860465	0.1686046511627907
17	file:/Users/miriamthompson/Desktop/DH%20Project/Mallet/pre_revolution/SKK44.txt	0.005434782608695652	0.005434782608695652	0.09239130434782608	0.005434782608695652	0.005434782608695652	0.3532608695652174	0.22282608695652173	0.02717391304347826	0.005434782608695652	0.005434782608695652	0.04891304347826087	0.005434782608695652	0.04891304347826087	0.005434782608695652	0.09239130434782608	0.02717391304347826	0.02717391304347826	0.005434782608695652	0.005434782608695652	0.005434782608695652
18	file:/Users/miriamthompson/Desktop/DH%20Project/Mallet/pre_revolution/SKK50.txt	0.005434782608695652	0.09239130434782608	0.005434782608695652	0.3532608695652174	0.07065217391304347	0.005434782608695652	0.005434782608695652	0.04891304347826087	0.266304347826087	0.005434782608695652	0.005434782608695652	0.07065217391304347	0.005434782608695652	0.02717391304347826	0.005434782608695652	0.005434782608695652	0.005434782608695652	0.005434782608695652	0.005434782608695652	0.005434782608695652
19	file:/Users/miriamthompson/Desktop/DH%20Project/Mallet/pre_revolution/SKK51.txt	0.005813953488372093	0.005813953488372093	0.14534883720930233	0.05232558139534884	0.005813953488372093	0.005813953488372093	0.0755813953488372	0.12209302325581395	0.005813953488372093	0.029069767441860465	0.029069767441860465	0.005813953488372093	0.0755813953488372	0.005813953488372093	0.3081395348837209	0.005813953488372093	0.09883720930232558	0.005813953488372093	0.005813953488372093	0.005813953488372093
20	file:/Users/miriamthompson/Desktop/DH%20Project/Mallet/pre_revolution/SKK45.txt	0.004901960784313725	0.004901960784313725	0.08333333333333333	0.024509803921568627	0.024509803921568627	0.08333333333333333	0.25980392156862747	0.004901960784313725	0.08333333333333333	0.004901960784313725	0.004901960784313725	0.004901960784313725	0.16176470588235295	0.004901960784313725	0.004901960784313725	0.024509803921568627	0.004901960784313725	0.20098039215686275	0.004901960784313725	0.004901960784313725
21	file:/Users/miriamthompson/Desktop/DH%20Project/Mallet/pre_revolution/SE10.txt	0.00510204081632653	0.00510204081632653	0.08673469387755102	0.00510204081632653	0.00510204081632653	0.00510204081632653	0.00510204081632653	0.025510204081632654	0.00510204081632653	0.29081632653061223	0.00510204081632653	0.4336734693877551	0.00510204081632653	0.025510204081632654	0.00510204081632653	0.00510204081632653	0.00510204081632653	0.00510204081632653	0.025510204081632654	0.04591836734693878
22	file:/Users/miriamthompson/Desktop/DH%20Project/Mallet/pre_revolution/HCS14.txt	0.029069767441860465	0.005813953488372093	0.1686046511627907	0.029069767441860465	0.005813953488372093	0.0755813953488372	0.005813953488372093	0.005813953488372093	0.0755813953488372	0.005813953488372093	0.005813953488372093	0.28488372093023256	0.005813953488372093	0.005813953488372093	0.05232558139534884	0.005813953488372093	0.005813953488372093	0.029069767441860465	0.19186046511627908	0.005813953488372093
23	file:/Users/miriamthompson/Desktop/DH%20Project/Mallet/pre_revolution/HCS16.txt	0.026041666666666668	0.026041666666666668	0.005208333333333333	0.13020833333333334	0.005208333333333333	0.005208333333333333	0.005208333333333333	0.15104166666666666	0.005208333333333333	0.06770833333333333	0.005208333333333333	0.13020833333333334	0.005208333333333333	0.026041666666666668	0.13020833333333334	0.046875	0.026041666666666668	0.005208333333333333	0.19270833333333334	0.005208333333333333
24	file:/Users/miriamthompson/Desktop/DH%20Project/Mallet/pre_revolution/SKK9.txt	0.03125	0.00625	0.00625	0.00625	0.08125	0.00625	0.00625	0.00625	0.00625	0.20625	0.00625	0.13125	0.00625	0.08125	0.13125	0.08125	0.05625	0.13125	0.00625	0.00625
25	file:/Users/miriamthompson/Desktop/DH%20Project/Mallet/pre_revolution/SKK53.txt	0.045	0.045	0.005	0.005	0.025	0.245	0.005	0.005	0.005	0.125	0.005	0.005	0.005	0.005	0.005	0.005	0.305	0.005	0.025	0.125
26	file:/Users/miriamthompson/Desktop/DH%20Project/Mallet/pre_revolution/SKK47.txt	0.359375	0.005208333333333333	0.005208333333333333	0.005208333333333333	0.046875	0.005208333333333333	0.026041666666666668	0.005208333333333333	0.005208333333333333	0.005208333333333333	0.08854166666666667	0.026041666666666668	0.06770833333333333	0.296875	0.005208333333333333	0.005208333333333333	0.026041666666666668	0.005208333333333333	0.005208333333333333	0.005208333333333333
27	file:/Users/miriamthompson/Desktop/DH%20Project/Mallet/pre_revolution/SE12.txt	0.00625	0.00625	0.03125	0.00625	0.00625	0.05625	0.00625	0.00625	0.05625	0.03125	0.05625	0.05625	0.00625	0.10625	0.00625	0.10625	0.05625	0.03125	0.03125	0.33125
28	file:/Users/miriamthompson/Desktop/DH%20Project/Mallet/pre_revolution/SE8.txt	0.03205128205128205	0.00641025641025641	0.00641025641025641	0.08333333333333333	0.00641025641025641	0.03205128205128205	0.057692307692307696	0.00641025641025641	0.03205128205128205	0.00641025641025641	0.00641025641025641	0.26282051282051283	0.03205128205128205	0.00641025641025641	0.03205128205128205	0.10897435897435898	0.10897435897435898	0.00641025641025641	0.10897435897435898	0.057692307692307696
29	file:/Users/miriamthompson/Desktop/DH%20Project/Mallet/pre_revolution/SE9.txt	0.02976190476190476	0.005952380952380952	0.005952380952380952	0.005952380952380952	0.005952380952380952	0.05357142857142857	0.005952380952380952	0.005952380952380952	0.005952380952380952	0.17261904761904762	0.24404761904761904	0.17261904761904762	0.005952380952380952	0.005952380952380952	0.005952380952380952	0.05357142857142857	0.19642857142857142	0.005952380952380952	0.005952380952380952	0.005952380952380952
30	file:/Users/miriamthompson/Desktop/DH%20Project/Mallet/pre_revolution/SE13.txt	0.03787878787878788	0.007575757575757576	0.007575757575757576	0.007575757575757576	0.007575757575757576	0.007575757575757576	0.007575757575757576	0.007575757575757576	0.007575757575757576	0.3409090909090909	0.007575757575757576	0.007575757575757576	0.1590909090909091	0.007575757575757576	0.1590909090909091	0.1590909090909091	0.007575757575757576	0.03787878787878788	0.007575757575757576	0.007575757575757576
31	file:/Users/miriamthompson/Desktop/DH%20Project/Mallet/pre_revolution/SKK46.txt	0.11574074074074074	0.004629629629629629	0.004629629629629629	0.06018518518518518	0.004629629629629629	0.004629629629629629	0.004629629629629629	0.06018518518518518	0.004629629629629629	0.13425925925925927	0.18981481481481483	0.20833333333333334	0.023148148148148147	0.004629629629629629	0.13425925925925927	0.023148148148148147	0.004629629629629629	0.004629629629629629	0.004629629629629629	0.004629629629629629
32	file:/Users/miriamthompson/Desktop/DH%20Project/Mallet/pre_revolution/SKK52.txt	0.004545454545454545	0.004545454545454545	0.1318181818181818	0.004545454545454545	0.004545454545454545	0.2590909090909091	0.022727272727272728	0.004545454545454545	0.004545454545454545	0.004545454545454545	0.004545454545454545	0.004545454545454545	0.004545454545454545	0.004545454545454545	0.004545454545454545	0.04090909090909091	0.2409090909090909	0.05909090909090909	0.04090909090909091	0.15
33	file:/Users/miriamthompson/Desktop/DH%20Project/Mallet/pre_revolution/SKK8.txt	0.005813953488372093	0.005813953488372093	0.005813953488372093	0.0755813953488372	0.05232558139534884	0.029069767441860465	0.005813953488372093	0.23837209302325582	0.029069767441860465	0.14534883720930233	0.005813953488372093	0.1686046511627907	0.029069767441860465	0.005813953488372093	0.029069767441860465	0.005813953488372093	0.029069767441860465	0.12209302325581395	0.005813953488372093	0.005813953488372093
34	file:/Users/miriamthompson/Desktop/DH%20Project/Mallet/pre_revolution/HCS17.txt	0.004901960784313725	0.004901960784313725	0.06372549019607843	0.20098039215686275	0.024509803921568627	0.06372549019607843	0.08333333333333333	0.004901960784313725	0.004901960784313725	0.004901960784313725	0.10294117647058823	0.024509803921568627	0.04411764705882353	0.20098039215686275	0.004901960784313725	0.004901960784313725	0.004901960784313725	0.08333333333333333	0.04411764705882353	0.024509803921568627
35	file:/Users/miriamthompson/Desktop/DH%20Project/Mallet/pre_revolution/SKK35.txt	0.004464285714285714	0.004464285714285714	0.004464285714285714	0.11160714285714286	0.004464285714285714	0.004464285714285714	0.004464285714285714	0.004464285714285714	0.7544642857142857	0.004464285714285714	0.004464285714285714	0.004464285714285714	0.022321428571428572	0.004464285714285714	0.004464285714285714	0.004464285714285714	0.004464285714285714	0.004464285714285714	0.004464285714285714	0.04017857142857143
36	file:/Users/miriamthompson/Desktop/DH%20Project/Mallet/pre_revolution/SKK21.txt	0.07327586206896551	0.05603448275862069	0.05603448275862069	0.021551724137931036	0.03879310344827586	0.004310344827586207	0.004310344827586207	0.004310344827586207	0.004310344827586207	0.17672413793103448	0.004310344827586207	0.004310344827586207	0.021551724137931036	0.10775862068965517	0.004310344827586207	0.004310344827586207	0.004310344827586207	0.004310344827586207	0.40086206896551724	0.004310344827586207
37	file:/Users/miriamthompson/Desktop/DH%20Project/Mallet/pre_revolution/EEB11.txt	0.005952380952380952	0.5059523809523809	0.005952380952380952	0.17261904761904762	0.005952380952380952	0.005952380952380952	0.10119047619047619	0.005952380952380952	0.005952380952380952	0.005952380952380952	0.005952380952380952	0.005952380952380952	0.07738095238095238	0.02976190476190476	0.005952380952380952	0.005952380952380952	0.005952380952380952	0.02976190476190476	0.005952380952380952	0.005952380952380952
38	file:/Users/miriamthompson/Desktop/DH%20Project/Mallet/pre_revolution/ESD6.txt	0.005434782608695652	0.02717391304347826	0.005434782608695652	0.005434782608695652	0.02717391304347826	0.005434782608695652	0.005434782608695652	0.02717391304347826	0.005434782608695652	0.005434782608695652	0.005434782608695652	0.11413043478260869	0.1358695652173913	0.005434782608695652	0.20108695652173914	0.09239130434782608	0.07065217391304347	0.04891304347826087	0.005434782608695652	0.20108695652173914
39	file:/Users/miriamthompson/Desktop/DH%20Project/Mallet/pre_revolution/ESD7.txt	0.022321428571428572	0.004464285714285714	0.004464285714285714	0.07589285714285714	0.004464285714285714	0.004464285714285714	0.004464285714285714	0.14732142857142858	0.04017857142857143	0.004464285714285714	0.004464285714285714	0.09375	0.004464285714285714	0.004464285714285714	0.20089285714285715	0.022321428571428572	0.12946428571428573	0.004464285714285714	0.022321428571428572	0.20089285714285715
40	file:/Users/miriamthompson/Desktop/DH%20Project/Mallet/pre_revolution/EEB10.txt	0.00625	0.70625	0.00625	0.05625	0.00625	0.00625	0.03125	0.00625	0.03125	0.00625	0.08125	0.00625	0.00625	0.00625	0.00625	0.00625	0.00625	0.00625	0.00625	0.00625
41	file:/Users/miriamthompson/Desktop/DH%20Project/Mallet/pre_revolution/SKK20.txt	0.12804878048780488	0.03048780487804878	0.006097560975609756	0.10365853658536585	0.07926829268292683	0.054878048780487805	0.07926829268292683	0.006097560975609756	0.006097560975609756	0.10365853658536585	0.054878048780487805	0.006097560975609756	0.006097560975609756	0.03048780487804878	0.006097560975609756	0.006097560975609756	0.006097560975609756	0.054878048780487805	0.22560975609756098	0.006097560975609756
42	file:/Users/miriamthompson/Desktop/DH%20Project/Mallet/pre_revolution/SKK34.txt	0.05803571428571429	0.004464285714285714	0.022321428571428572	0.04017857142857143	0.09375	0.004464285714285714	0.04017857142857143	0.004464285714285714	0.3080357142857143	0.004464285714285714	0.11160714285714286	0.004464285714285714	0.004464285714285714	0.004464285714285714	0.18303571428571427	0.004464285714285714	0.004464285714285714	0.04017857142857143	0.004464285714285714	0.05803571428571429
43	file:/Users/miriamthompson/Desktop/DH%20Project/Mallet/pre_revolution/SKK22.txt	0.005319148936170213	0.026595744680851064	0.005319148936170213	0.005319148936170213	0.005319148936170213	0.06914893617021277	0.026595744680851064	0.005319148936170213	0.005319148936170213	0.19680851063829788	0.005319148936170213	0.09042553191489362	0.005319148936170213	0.3670212765957447	0.026595744680851064	0.047872340425531915	0.005319148936170213	0.047872340425531915	0.047872340425531915	0.005319148936170213
44	file:/Users/miriamthompson/Desktop/DH%20Project/Mallet/pre_revolution/SKK36.txt	0.02717391304347826	0.005434782608695652	0.02717391304347826	0.005434782608695652	0.02717391304347826	0.005434782608695652	0.02717391304347826	0.005434782608695652	0.07065217391304347	0.04891304347826087	0.1358695652173913	0.02717391304347826	0.005434782608695652	0.07065217391304347	0.04891304347826087	0.09239130434782608	0.09239130434782608	0.1793478260869565	0.07065217391304347	0.02717391304347826
45	file:/Users/miriamthompson/Desktop/DH%20Project/Mallet/pre_revolution/EEB8.txt	0.03787878787878788	0.4621212121212121	0.03787878787878788	0.007575757575757576	0.007575757575757576	0.007575757575757576	0.007575757575757576	0.2196969696969697	0.03787878787878788	0.007575757575757576	0.03787878787878788	0.007575757575757576	0.007575757575757576	0.03787878787878788	0.007575757575757576	0.007575757575757576	0.03787878787878788	0.007575757575757576	0.007575757575757576	0.007575757575757576
46	file:/Users/miriamthompson/Desktop/DH%20Project/Mallet/pre_revolution/ESD5.txt	0.00423728813559322	0.00423728813559322	0.00423728813559322	0.00423728813559322	0.00423728813559322	0.0211864406779661	0.0211864406779661	0.0211864406779661	0.2076271186440678	0.00423728813559322	0.00423728813559322	0.1228813559322034	0.00423728813559322	0.00423728813559322	0.038135593220338986	0.1059322033898305	0.00423728813559322	0.0211864406779661	0.00423728813559322	0.3940677966101695
47	file:/Users/miriamthompson/Desktop/DH%20Project/Mallet/pre_revolution/ESD10.txt	0.023148148148148147	0.023148148148148147	0.004629629629629629	0.0787037037037037	0.041666666666666664	0.004629629629629629	0.004629629629629629	0.023148148148148147	0.023148148148148147	0.041666666666666664	0.041666666666666664	0.06018518518518518	0.1527777777777778	0.004629629629629629	0.004629629629629629	0.06018518518518518	0.20833333333333334	0.004629629629629629	0.004629629629629629	0.18981481481481483
48	file:/Users/miriamthompson/Desktop/DH%20Project/Mallet/pre_revolution/ESD11.txt	0.046875	0.005208333333333333	0.005208333333333333	0.005208333333333333	0.026041666666666668	0.005208333333333333	0.005208333333333333	0.005208333333333333	0.005208333333333333	0.005208333333333333	0.005208333333333333	0.19270833333333334	0.005208333333333333	0.13020833333333334	0.2552083333333333	0.21354166666666666	0.046875	0.026041666666666668	0.005208333333333333	0.005208333333333333
49	file:/Users/miriamthompson/Desktop/DH%20Project/Mallet/pre_revolution/ESD4.txt	0.027777777777777776	0.005555555555555556	0.005555555555555556	0.07222222222222222	0.005555555555555556	0.027777777777777776	0.027777777777777776	0.005555555555555556	0.027777777777777776	0.005555555555555556	0.005555555555555556	0.29444444444444445	0.11666666666666667	0.027777777777777776	0.005555555555555556	0.2722222222222222	0.005555555555555556	0.05	0.005555555555555556	0.005555555555555556
50	file:/Users/miriamthompson/Desktop/DH%20Project/Mallet/pre_revolution/EEB9.txt	0.165	0.565	0.005	0.045	0.045	0.005	0.005	0.045	0.005	0.005	0.005	0.005	0.025	0.005	0.005	0.005	0.005	0.005	0.045	0.005
51	file:/Users/miriamthompson/Desktop/DH%20Project/Mallet/pre_revolution/SKK37.txt	0.028409090909090908	0.005681818181818182	0.028409090909090908	0.005681818181818182	0.005681818181818182	0.005681818181818182	0.005681818181818182	0.005681818181818182	0.23295454545454544	0.005681818181818182	0.32386363636363635	0.07386363636363637	0.09659090909090909	0.07386363636363637	0.05113636363636364	0.005681818181818182	0.005681818181818182	0.005681818181818182	0.005681818181818182	0.028409090909090908
52	file:/Users/miriamthompson/Desktop/DH%20Project/Mallet/pre_revolution/SKK23.txt	0.3194444444444444	0.004629629629629629	0.0787037037037037	0.004629629629629629	0.004629629629629629	0.004629629629629629	0.004629629629629629	0.004629629629629629	0.004629629629629629	0.1527777777777778	0.004629629629629629	0.004629629629629629	0.041666666666666664	0.023148148148148147	0.004629629629629629	0.09722222222222222	0.023148148148148147	0.1527777777777778	0.041666666666666664	0.023148148148148147
53	file:/Users/miriamthompson/Desktop/DH%20Project/Mallet/pre_revolution/SKK27.txt	0.005555555555555556	0.027777777777777776	0.027777777777777776	0.005555555555555556	0.11666666666666667	0.05	0.29444444444444445	0.005555555555555556	0.005555555555555556	0.005555555555555556	0.005555555555555556	0.005555555555555556	0.005555555555555556	0.005555555555555556	0.027777777777777776	0.07222222222222222	0.16111111111111112	0.11666666666666667	0.027777777777777776	0.027777777777777776
54	file:/Users/miriamthompson/Desktop/DH%20Project/Mallet/pre_revolution/SKK33.txt	0.005813953488372093	0.005813953488372093	0.1686046511627907	0.029069767441860465	0.1686046511627907	0.005813953488372093	0.19186046511627908	0.0755813953488372	0.05232558139534884	0.005813953488372093	0.029069767441860465	0.005813953488372093	0.05232558139534884	0.029069767441860465	0.005813953488372093	0.005813953488372093	0.005813953488372093	0.12209302325581395	0.005813953488372093	0.029069767441860465
55	file:/Users/miriamthompson/Desktop/DH%20Project/Mallet/pre_revolution/ESD1.txt	0.005813953488372093	0.09883720930232558	0.029069767441860465	0.029069767441860465	0.005813953488372093	0.005813953488372093	0.05232558139534884	0.005813953488372093	0.005813953488372093	0.005813953488372093	0.005813953488372093	0.21511627906976744	0.005813953488372093	0.005813953488372093	0.005813953488372093	0.4476744186046512	0.029069767441860465	0.005813953488372093	0.005813953488372093	0.029069767441860465
56	file:/Users/miriamthompson/Desktop/DH%20Project/Mallet/pre_revolution/SKK32.txt	0.08552631578947369	0.006578947368421052	0.05921052631578947	0.006578947368421052	0.006578947368421052	0.08552631578947369	0.08552631578947369	0.006578947368421052	0.006578947368421052	0.006578947368421052	0.03289473684210526	0.1118421052631579	0.1118421052631579	0.006578947368421052	0.24342105263157895	0.03289473684210526	0.05921052631578947	0.03289473684210526	0.006578947368421052	0.006578947368421052
57	file:/Users/miriamthompson/Desktop/DH%20Project/Mallet/pre_revolution/SKK26.txt	0.00625	0.03125	0.00625	0.05625	0.00625	0.00625	0.05625	0.00625	0.20625	0.18125	0.03125	0.00625	0.00625	0.08125	0.03125	0.10625	0.00625	0.00625	0.15625	0.00625
58	file:/Users/miriamthompson/Desktop/DH%20Project/Mallet/pre_revolution/SKK18.txt	0.020161290322580645	0.06854838709677419	0.10080645161290322	0.2782258064516129	0.004032258064516129	0.004032258064516129	0.004032258064516129	0.06854838709677419	0.020161290322580645	0.11693548387096774	0.10080645161290322	0.004032258064516129	0.004032258064516129	0.004032258064516129	0.0846774193548387	0.004032258064516129	0.05241935483870968	0.036290322580645164	0.004032258064516129	0.020161290322580645
59	file:/Users/miriamthompson/Desktop/DH%20Project/Mallet/pre_revolution/SKK30.txt	0.004310344827586207	0.021551724137931036	0.004310344827586207	0.021551724137931036	0.15948275862068967	0.004310344827586207	0.03879310344827586	0.03879310344827586	0.03879310344827586	0.05603448275862069	0.07327586206896551	0.05603448275862069	0.09051724137931035	0.17672413793103448	0.021551724137931036	0.004310344827586207	0.004310344827586207	0.14224137931034483	0.021551724137931036	0.021551724137931036
60	file:/Users/miriamthompson/Desktop/DH%20Project/Mallet/pre_revolution/SKK24.txt	0.3093220338983051	0.08898305084745763	0.08898305084745763	0.00423728813559322	0.0211864406779661	0.00423728813559322	0.07203389830508475	0.00423728813559322	0.0211864406779661	0.038135593220338986	0.00423728813559322	0.05508474576271186	0.00423728813559322	0.00423728813559322	0.15677966101694915	0.00423728813559322	0.08898305084745763	0.0211864406779661	0.00423728813559322	0.00423728813559322
61	file:/Users/miriamthompson/Desktop/DH%20Project/Mallet/pre_revolution/HCS9.txt	0.005434782608695652	0.02717391304347826	0.20108695652173914	0.005434782608695652	0.005434782608695652	0.005434782608695652	0.005434782608695652	0.375	0.09239130434782608	0.005434782608695652	0.005434782608695652	0.005434782608695652	0.02717391304347826	0.005434782608695652	0.02717391304347826	0.15760869565217392	0.005434782608695652	0.02717391304347826	0.005434782608695652	0.005434782608695652
62	file:/Users/miriamthompson/Desktop/DH%20Project/Mallet/pre_revolution/ESD3.txt	0.005813953488372093	0.005813953488372093	0.005813953488372093	0.005813953488372093	0.05232558139534884	0.005813953488372093	0.005813953488372093	0.05232558139534884	0.005813953488372093	0.005813953488372093	0.005813953488372093	0.42441860465116277	0.05232558139534884	0.029069767441860465	0.005813953488372093	0.19186046511627908	0.005813953488372093	0.005813953488372093	0.005813953488372093	0.12209302325581395
63	file:/Users/miriamthompson/Desktop/DH%20Project/Mallet/pre_revolution/ESD2.txt	0.005434782608695652	0.09239130434782608	0.005434782608695652	0.04891304347826087	0.04891304347826087	0.005434782608695652	0.005434782608695652	0.005434782608695652	0.005434782608695652	0.005434782608695652	0.005434782608695652	0.09239130434782608	0.005434782608695652	0.005434782608695652	0.11413043478260869	0.3967391304347826	0.02717391304347826	0.005434782608695652	0.005434782608695652	0.11413043478260869
64	file:/Users/miriamthompson/Desktop/DH%20Project/Mallet/pre_revolution/HCS8.txt	0.005555555555555556	0.09444444444444444	0.005555555555555556	0.027777777777777776	0.005555555555555556	0.005555555555555556	0.05	0.45	0.1388888888888889	0.005555555555555556	0.005555555555555556	0.005555555555555556	0.07222222222222222	0.005555555555555556	0.005555555555555556	0.005555555555555556	0.005555555555555556	0.07222222222222222	0.027777777777777776	0.005555555555555556
65	file:/Users/miriamthompson/Desktop/DH%20Project/Mallet/pre_revolution/SKK25.txt	0.24537037037037038	0.004629629629629629	0.004629629629629629	0.09722222222222222	0.004629629629629629	0.0787037037037037	0.004629629629629629	0.023148148148148147	0.22685185185185186	0.004629629629629629	0.023148148148148147	0.041666666666666664	0.041666666666666664	0.004629629629629629	0.041666666666666664	0.004629629629629629	0.023148148148148147	0.0787037037037037	0.023148148148148147	0.023148148148148147
66	file:/Users/miriamthompson/Desktop/DH%20Project/Mallet/pre_revolution/SKK31.txt	0.005208333333333333	0.005208333333333333	0.08854166666666667	0.171875	0.19270833333333334	0.005208333333333333	0.005208333333333333	0.005208333333333333	0.06770833333333333	0.005208333333333333	0.005208333333333333	0.109375	0.005208333333333333	0.19270833333333334	0.06770833333333333	0.026041666666666668	0.005208333333333333	0.005208333333333333	0.026041666666666668	0.005208333333333333
67	file:/Users/miriamthompson/Desktop/DH%20Project/Mallet/pre_revolution/SKK19.txt	0.03289473684210526	0.05921052631578947	0.03289473684210526	0.03289473684210526	0.13815789473684212	0.006578947368421052	0.24342105263157895	0.006578947368421052	0.03289473684210526	0.19078947368421054	0.006578947368421052	0.006578947368421052	0.006578947368421052	0.08552631578947369	0.006578947368421052	0.05921052631578947	0.03289473684210526	0.006578947368421052	0.006578947368421052	0.006578947368421052
68	file:/Users/miriamthompson/Desktop/DH%20Project/Mallet/pre_revolution/SKK14.txt	0.19776119402985073	0.018656716417910446	0.0037313432835820895	0.0037313432835820895	0.0037313432835820895	0.0037313432835820895	0.0037313432835820895	0.033582089552238806	0.0037313432835820895	0.048507462686567165	0.1828358208955224	0.033582089552238806	0.0037313432835820895	0.15298507462686567	0.0037313432835820895	0.018656716417910446	0.19776119402985073	0.07835820895522388	0.0037313432835820895	0.0037313432835820895
69	file:/Users/miriamthompson/Desktop/DH%20Project/Mallet/pre_revolution/SKK28.txt	0.004901960784313725	0.18137254901960784	0.004901960784313725	0.004901960784313725	0.04411764705882353	0.20098039215686275	0.06372549019607843	0.004901960784313725	0.10294117647058823	0.004901960784313725	0.004901960784313725	0.004901960784313725	0.06372549019607843	0.04411764705882353	0.12254901960784313	0.004901960784313725	0.004901960784313725	0.12254901960784313	0.004901960784313725	0.004901960784313725
70	file:/Users/miriamthompson/Desktop/DH%20Project/Mallet/pre_revolution/EEB2.txt	0.04032258064516129	0.1693548387096774	0.07258064516129033	0.008064516129032258	0.008064516129032258	0.008064516129032258	0.29838709677419356	0.008064516129032258	0.008064516129032258	0.04032258064516129	0.008064516129032258	0.008064516129032258	0.008064516129032258	0.13709677419354838	0.04032258064516129	0.04032258064516129	0.008064516129032258	0.04032258064516129	0.04032258064516129	0.008064516129032258
71	file:/Users/miriamthompson/Desktop/DH%20Project/Mallet/pre_revolution/HCS5.txt	0.08854166666666667	0.109375	0.06770833333333333	0.08854166666666667	0.005208333333333333	0.109375	0.026041666666666668	0.026041666666666668	0.026041666666666668	0.005208333333333333	0.026041666666666668	0.005208333333333333	0.005208333333333333	0.005208333333333333	0.06770833333333333	0.13020833333333334	0.005208333333333333	0.005208333333333333	0.005208333333333333	0.19270833333333334
72	file:/Users/miriamthompson/Desktop/DH%20Project/Mallet/pre_revolution/HCS4.txt	0.004310344827586207	0.03879310344827586	0.004310344827586207	0.07327586206896551	0.004310344827586207	0.004310344827586207	0.03879310344827586	0.004310344827586207	0.004310344827586207	0.24568965517241378	0.004310344827586207	0.14224137931034483	0.125	0.07327586206896551	0.004310344827586207	0.004310344827586207	0.021551724137931036	0.05603448275862069	0.004310344827586207	0.14224137931034483
73	file:/Users/miriamthompson/Desktop/DH%20Project/Mallet/pre_revolution/EEB3.txt	0.060810810810810814	0.25	0.060810810810810814	0.033783783783783786	0.006756756756756757	0.006756756756756757	0.006756756756756757	0.11486486486486487	0.006756756756756757	0.033783783783783786	0.08783783783783784	0.006756756756756757	0.08783783783783784	0.006756756756756757	0.006756756756756757	0.08783783783783784	0.006756756756756757	0.060810810810810814	0.060810810810810814	0.006756756756756757
74	file:/Users/miriamthompson/Desktop/DH%20Project/Mallet/pre_revolution/SKK29.txt	0.00641025641025641	0.00641025641025641	0.00641025641025641	0.00641025641025641	0.36538461538461536	0.03205128205128205	0.00641025641025641	0.00641025641025641	0.08333333333333333	0.10897435897435898	0.03205128205128205	0.10897435897435898	0.00641025641025641	0.057692307692307696	0.00641025641025641	0.00641025641025641	0.00641025641025641	0.00641025641025641	0.1346153846153846	0.00641025641025641
75	file:/Users/miriamthompson/Desktop/DH%20Project/Mallet/pre_revolution/SKK15.txt	0.14732142857142858	0.004464285714285714	0.004464285714285714	0.004464285714285714	0.004464285714285714	0.07589285714285714	0.04017857142857143	0.022321428571428572	0.004464285714285714	0.004464285714285714	0.004464285714285714	0.004464285714285714	0.004464285714285714	0.004464285714285714	0.004464285714285714	0.12946428571428573	0.16517857142857142	0.004464285714285714	0.004464285714285714	0.36160714285714285
76	file:/Users/miriamthompson/Desktop/DH%20Project/Mallet/pre_revolution/SKK17.txt	0.34574468085106386	0.026595744680851064	0.005319148936170213	0.005319148936170213	0.005319148936170213	0.005319148936170213	0.005319148936170213	0.005319148936170213	0.005319148936170213	0.005319148936170213	0.19680851063829788	0.005319148936170213	0.026595744680851064	0.19680851063829788	0.005319148936170213	0.026595744680851064	0.047872340425531915	0.005319148936170213	0.026595744680851064	0.047872340425531915
77	file:/Users/miriamthompson/Desktop/DH%20Project/Mallet/pre_revolution/EEB1.txt	0.007575757575757576	0.25	0.1893939393939394	0.007575757575757576	0.03787878787878788	0.03787878787878788	0.007575757575757576	0.2196969696969697	0.007575757575757576	0.007575757575757576	0.007575757575757576	0.007575757575757576	0.007575757575757576	0.007575757575757576	0.06818181818181818	0.007575757575757576	0.09848484848484848	0.007575757575757576	0.007575757575757576	0.007575757575757576
78	file:/Users/miriamthompson/Desktop/DH%20Project/Mallet/pre_revolution/HCS6.txt	0.19339622641509435	0.02358490566037736	0.0047169811320754715	0.0047169811320754715	0.0047169811320754715	0.0047169811320754715	0.08018867924528301	0.08018867924528301	0.0047169811320754715	0.25	0.02358490566037736	0.0047169811320754715	0.15566037735849056	0.0047169811320754715	0.0047169811320754715	0.0047169811320754715	0.08018867924528301	0.0047169811320754715	0.02358490566037736	0.04245283018867924
79	file:/Users/miriamthompson/Desktop/DH%20Project/Mallet/pre_revolution/HCS7.txt	0.004464285714285714	0.05803571428571429	0.04017857142857143	0.004464285714285714	0.004464285714285714	0.004464285714285714	0.004464285714285714	0.20089285714285715	0.004464285714285714	0.16517857142857142	0.004464285714285714	0.004464285714285714	0.022321428571428572	0.05803571428571429	0.004464285714285714	0.12946428571428573	0.14732142857142858	0.022321428571428572	0.11160714285714286	0.004464285714285714
80	file:/Users/miriamthompson/Desktop/DH%20Project/Mallet/pre_revolution/SKK16.txt	0.026041666666666668	0.005208333333333333	0.08854166666666667	0.026041666666666668	0.005208333333333333	0.296875	0.08854166666666667	0.005208333333333333	0.08854166666666667	0.005208333333333333	0.005208333333333333	0.005208333333333333	0.005208333333333333	0.08854166666666667	0.06770833333333333	0.08854166666666667	0.005208333333333333	0.005208333333333333	0.005208333333333333	0.08854166666666667
81	file:/Users/miriamthompson/Desktop/DH%20Project/Mallet/pre_revolution/SKK12.txt	0.006578947368421052	0.1118421052631579	0.03289473684210526	0.006578947368421052	0.03289473684210526	0.006578947368421052	0.006578947368421052	0.03289473684210526	0.03289473684210526	0.05921052631578947	0.006578947368421052	0.03289473684210526	0.006578947368421052	0.34868421052631576	0.006578947368421052	0.05921052631578947	0.16447368421052633	0.006578947368421052	0.006578947368421052	0.03289473684210526
82	file:/Users/miriamthompson/Desktop/DH%20Project/Mallet/pre_revolution/EEB4.txt	0.04245283018867924	0.21226415094339623	0.02358490566037736	0.0047169811320754715	0.0047169811320754715	0.0047169811320754715	0.0047169811320754715	0.32547169811320753	0.0047169811320754715	0.0047169811320754715	0.02358490566037736	0.15566037735849056	0.04245283018867924	0.08018867924528301	0.0047169811320754715	0.02358490566037736	0.0047169811320754715	0.0047169811320754715	0.0047169811320754715	0.02358490566037736
83	file:/Users/miriamthompson/Desktop/DH%20Project/Mallet/pre_revolution/HCS3.txt	0.004310344827586207	0.021551724137931036	0.021551724137931036	0.004310344827586207	0.004310344827586207	0.09051724137931035	0.004310344827586207	0.004310344827586207	0.004310344827586207	0.03879310344827586	0.004310344827586207	0.021551724137931036	0.2974137931034483	0.17672413793103448	0.004310344827586207	0.03879310344827586	0.021551724137931036	0.004310344827586207	0.004310344827586207	0.22844827586206898
84	file:/Users/miriamthompson/Desktop/DH%20Project/Mallet/pre_revolution/ESD9.txt	0.0043859649122807015	0.021929824561403508	0.0043859649122807015	0.0043859649122807015	0.0043859649122807015	0.039473684210526314	0.0043859649122807015	0.0043859649122807015	0.039473684210526314	0.05701754385964912	0.0043859649122807015	0.19736842105263158	0.0043859649122807015	0.0043859649122807015	0.0043859649122807015	0.33771929824561403	0.021929824561403508	0.0043859649122807015	0.07456140350877193	0.16228070175438597
