0	file:/Users/miriamthompson/Desktop/DH%20Project/Mallet/pre_revolution/HCS13.txt	0.22641509433962265	0.1320754716981132	0.1320754716981132	0.4528301886792453	0.05660377358490566
1	file:/Users/miriamthompson/Desktop/DH%20Project/Mallet/pre_revolution/SKK56.txt	0.18	0.08	0.28	0.32	0.14
2	file:/Users/miriamthompson/Desktop/DH%20Project/Mallet/pre_revolution/SKK42.txt	0.06153846153846154	0.4	0.1076923076923077	0.06153846153846154	0.36923076923076925
3	file:/Users/miriamthompson/Desktop/DH%20Project/Mallet/pre_revolution/SKK43.txt	0.0851063829787234	0.2978723404255319	0.0425531914893617	0.3191489361702128	0.2553191489361702
4	file:/Users/miriamthompson/Desktop/DH%20Project/Mallet/pre_revolution/SKK57.txt	0.2037037037037037	0.3148148148148148	0.09259259259259259	0.18518518518518517	0.2037037037037037
5	file:/Users/miriamthompson/Desktop/DH%20Project/Mallet/pre_revolution/HCS12.txt	0.2926829268292683	0.14634146341463414	0.0975609756097561	0.4146341463414634	0.04878048780487805
6	file:/Users/miriamthompson/Desktop/DH%20Project/Mallet/pre_revolution/HCS10.txt	0.2765957446808511	0.14893617021276595	0.0425531914893617	0.425531914893617	0.10638297872340426
7	file:/Users/miriamthompson/Desktop/DH%20Project/Mallet/pre_revolution/SE14.txt	0.27906976744186046	0.09302325581395349	0.3023255813953488	0.2558139534883721	0.06976744186046512
8	file:/Users/miriamthompson/Desktop/DH%20Project/Mallet/pre_revolution/SKK41.txt	0.047619047619047616	0.4444444444444444	0.07936507936507936	0.1111111111111111	0.31746031746031744
9	file:/Users/miriamthompson/Desktop/DH%20Project/Mallet/pre_revolution/SKK55.txt	0.18867924528301888	0.1509433962264151	0.1509433962264151	0.16981132075471697	0.33962264150943394
10	file:/Users/miriamthompson/Desktop/DH%20Project/Mallet/pre_revolution/SKK69.txt	0.15384615384615385	0.40384615384615385	0.17307692307692307	0.23076923076923078	0.038461538461538464
11	file:/Users/miriamthompson/Desktop/DH%20Project/Mallet/pre_revolution/SKK68.txt	0.3392857142857143	0.08928571428571429	0.16071428571428573	0.25	0.16071428571428573
12	file:/Users/miriamthompson/Desktop/DH%20Project/Mallet/pre_revolution/SKK54.txt	0.18181818181818182	0.23636363636363636	0.03636363636363636	0.14545454545454545	0.4
13	file:/Users/miriamthompson/Desktop/DH%20Project/Mallet/pre_revolution/SKK40.txt	0.043478260869565216	0.11594202898550725	0.14492753623188406	0.14492753623188406	0.5507246376811594
14	file:/Users/miriamthompson/Desktop/DH%20Project/Mallet/pre_revolution/HCS11.txt	0.14285714285714285	0.20408163265306123	0.16326530612244897	0.40816326530612246	0.08163265306122448
15	file:/Users/miriamthompson/Desktop/DH%20Project/Mallet/pre_revolution/HCS15.txt	0.12307692307692308	0.07692307692307693	0.23076923076923078	0.38461538461538464	0.18461538461538463
16	file:/Users/miriamthompson/Desktop/DH%20Project/Mallet/pre_revolution/SE11.txt	0.1	0.46	0.14	0.16	0.14
17	file:/Users/miriamthompson/Desktop/DH%20Project/Mallet/pre_revolution/SKK44.txt	0.15384615384615385	0.25	0.09615384615384616	0.15384615384615385	0.34615384615384615
18	file:/Users/miriamthompson/Desktop/DH%20Project/Mallet/pre_revolution/SKK50.txt	0.3333333333333333	0.16666666666666666	0.14814814814814814	0.05555555555555555	0.2962962962962963
19	file:/Users/miriamthompson/Desktop/DH%20Project/Mallet/pre_revolution/SKK51.txt	0.1276595744680851	0.0425531914893617	0.2127659574468085	0.0425531914893617	0.574468085106383
20	file:/Users/miriamthompson/Desktop/DH%20Project/Mallet/pre_revolution/SKK45.txt	0.19642857142857142	0.08928571428571429	0.42857142857142855	0.16071428571428573	0.125
21	file:/Users/miriamthompson/Desktop/DH%20Project/Mallet/pre_revolution/SE10.txt	0.034482758620689655	0.1896551724137931	0.1206896551724138	0.603448275862069	0.05172413793103448
22	file:/Users/miriamthompson/Desktop/DH%20Project/Mallet/pre_revolution/HCS14.txt	0.23529411764705882	0.058823529411764705	0.29411764705882354	0.21568627450980393	0.19607843137254902
23	file:/Users/miriamthompson/Desktop/DH%20Project/Mallet/pre_revolution/HCS16.txt	0.21818181818181817	0.2	0.14545454545454545	0.14545454545454545	0.2909090909090909
24	file:/Users/miriamthompson/Desktop/DH%20Project/Mallet/pre_revolution/SKK9.txt	0.20930232558139536	0.2558139534883721	0.3023255813953488	0.18604651162790697	0.046511627906976744
25	file:/Users/miriamthompson/Desktop/DH%20Project/Mallet/pre_revolution/SKK53.txt	0.14285714285714285	0.5357142857142857	0.14285714285714285	0.017857142857142856	0.16071428571428573
26	file:/Users/miriamthompson/Desktop/DH%20Project/Mallet/pre_revolution/SKK47.txt	0.15517241379310345	0.22413793103448276	0.13793103448275862	0.27586206896551724	0.20689655172413793
27	file:/Users/miriamthompson/Desktop/DH%20Project/Mallet/pre_revolution/SE12.txt	0.022727272727272728	0.22727272727272727	0.29545454545454547	0.36363636363636365	0.09090909090909091
28	file:/Users/miriamthompson/Desktop/DH%20Project/Mallet/pre_revolution/SE8.txt	0.11627906976744186	0.32558139534883723	0.16279069767441862	0.2558139534883721	0.13953488372093023
29	file:/Users/miriamthompson/Desktop/DH%20Project/Mallet/pre_revolution/SE9.txt	0.0196078431372549	0.29411764705882354	0.1568627450980392	0.35294117647058826	0.17647058823529413
30	file:/Users/miriamthompson/Desktop/DH%20Project/Mallet/pre_revolution/SE13.txt	0.36363636363636365	0.09090909090909091	0.09090909090909091	0.25	0.20454545454545456
31	file:/Users/miriamthompson/Desktop/DH%20Project/Mallet/pre_revolution/SKK46.txt	0.14754098360655737	0.21311475409836064	0.2459016393442623	0.2459016393442623	0.14754098360655737
32	file:/Users/miriamthompson/Desktop/DH%20Project/Mallet/pre_revolution/SKK52.txt	0.06779661016949153	0.3050847457627119	0.11864406779661017	0.3559322033898305	0.15254237288135594
33	file:/Users/miriamthompson/Desktop/DH%20Project/Mallet/pre_revolution/SKK8.txt	0.06	0.32	0.26	0.16	0.2
34	file:/Users/miriamthompson/Desktop/DH%20Project/Mallet/pre_revolution/HCS17.txt	0.16071428571428573	0.21428571428571427	0.21428571428571427	0.26785714285714285	0.14285714285714285
35	file:/Users/miriamthompson/Desktop/DH%20Project/Mallet/pre_revolution/SKK35.txt	0.203125	0.046875	0.53125	0.046875	0.171875
36	file:/Users/miriamthompson/Desktop/DH%20Project/Mallet/pre_revolution/SKK21.txt	0.07575757575757576	0.3333333333333333	0.12121212121212122	0.07575757575757576	0.3939393939393939
37	file:/Users/miriamthompson/Desktop/DH%20Project/Mallet/pre_revolution/EEB11.txt	0.22448979591836735	0.12244897959183673	0.04081632653061224	0.16326530612244897	0.4489795918367347
38	file:/Users/miriamthompson/Desktop/DH%20Project/Mallet/pre_revolution/ESD6.txt	0.28846153846153844	0.23076923076923078	0.25	0.19230769230769232	0.038461538461538464
39	file:/Users/miriamthompson/Desktop/DH%20Project/Mallet/pre_revolution/ESD7.txt	0.20634920634920634	0.015873015873015872	0.4444444444444444	0.1111111111111111	0.2222222222222222
40	file:/Users/miriamthompson/Desktop/DH%20Project/Mallet/pre_revolution/EEB10.txt	0.3695652173913043	0.06521739130434782	0.08695652173913043	0.10869565217391304	0.3695652173913043
41	file:/Users/miriamthompson/Desktop/DH%20Project/Mallet/pre_revolution/SKK20.txt	0.1111111111111111	0.15555555555555556	0.13333333333333333	0.1111111111111111	0.4888888888888889
42	file:/Users/miriamthompson/Desktop/DH%20Project/Mallet/pre_revolution/SKK34.txt	0.1	0.06666666666666667	0.31666666666666665	0.1	0.4166666666666667
43	file:/Users/miriamthompson/Desktop/DH%20Project/Mallet/pre_revolution/SKK22.txt	0.12280701754385964	0.3333333333333333	0.15789473684210525	0.2807017543859649	0.10526315789473684
44	file:/Users/miriamthompson/Desktop/DH%20Project/Mallet/pre_revolution/SKK36.txt	0.24074074074074073	0.24074074074074073	0.09259259259259259	0.18518518518518517	0.24074074074074073
45	file:/Users/miriamthompson/Desktop/DH%20Project/Mallet/pre_revolution/EEB8.txt	0.3157894736842105	0.02631578947368421	0.07894736842105263	0.2631578947368421	0.3157894736842105
46	file:/Users/miriamthompson/Desktop/DH%20Project/Mallet/pre_revolution/ESD5.txt	0.4090909090909091	0.030303030303030304	0.2878787878787879	0.24242424242424243	0.030303030303030304
47	file:/Users/miriamthompson/Desktop/DH%20Project/Mallet/pre_revolution/ESD10.txt	0.43103448275862066	0.10344827586206896	0.39655172413793105	0.05172413793103448	0.017241379310344827
48	file:/Users/miriamthompson/Desktop/DH%20Project/Mallet/pre_revolution/ESD11.txt	0.18518518518518517	0.16666666666666666	0.5185185185185185	0.1111111111111111	0.018518518518518517
49	file:/Users/miriamthompson/Desktop/DH%20Project/Mallet/pre_revolution/ESD4.txt	0.37037037037037035	0.18518518518518517	0.09259259259259259	0.16666666666666666	0.18518518518518517
50	file:/Users/miriamthompson/Desktop/DH%20Project/Mallet/pre_revolution/EEB9.txt	0.12727272727272726	0.32727272727272727	0.05454545454545454	0.2909090909090909	0.2
51	file:/Users/miriamthompson/Desktop/DH%20Project/Mallet/pre_revolution/SKK37.txt	0.24074074074074073	0.2222222222222222	0.05555555555555555	0.16666666666666666	0.3148148148148148
52	file:/Users/miriamthompson/Desktop/DH%20Project/Mallet/pre_revolution/SKK23.txt	0.19672131147540983	0.4098360655737705	0.22950819672131148	0.11475409836065574	0.04918032786885246
53	file:/Users/miriamthompson/Desktop/DH%20Project/Mallet/pre_revolution/SKK27.txt	0.21568627450980393	0.09803921568627451	0.29411764705882354	0.19607843137254902	0.19607843137254902
54	file:/Users/miriamthompson/Desktop/DH%20Project/Mallet/pre_revolution/SKK33.txt	0.0392156862745098	0.09803921568627451	0.19607843137254902	0.2549019607843137	0.4117647058823529
55	file:/Users/miriamthompson/Desktop/DH%20Project/Mallet/pre_revolution/ESD1.txt	0.5	0.018518518518518517	0.35185185185185186	0.09259259259259259	0.037037037037037035
56	file:/Users/miriamthompson/Desktop/DH%20Project/Mallet/pre_revolution/SKK32.txt	0.2	0.3333333333333333	0.2	0.08888888888888889	0.17777777777777778
57	file:/Users/miriamthompson/Desktop/DH%20Project/Mallet/pre_revolution/SKK26.txt	0.3409090909090909	0.22727272727272727	0.22727272727272727	0.09090909090909091	0.11363636363636363
58	file:/Users/miriamthompson/Desktop/DH%20Project/Mallet/pre_revolution/SKK18.txt	0.12307692307692308	0.3230769230769231	0.27692307692307694	0.15384615384615385	0.12307692307692308
59	file:/Users/miriamthompson/Desktop/DH%20Project/Mallet/pre_revolution/SKK30.txt	0.23880597014925373	0.1791044776119403	0.16417910447761194	0.26865671641791045	0.14925373134328357
60	file:/Users/miriamthompson/Desktop/DH%20Project/Mallet/pre_revolution/SKK24.txt	0.16393442622950818	0.3770491803278688	0.19672131147540983	0.09836065573770492	0.16393442622950818
61	file:/Users/miriamthompson/Desktop/DH%20Project/Mallet/pre_revolution/HCS9.txt	0.36	0.02	0.04	0.38	0.2
62	file:/Users/miriamthompson/Desktop/DH%20Project/Mallet/pre_revolution/ESD3.txt	0.4230769230769231	0.07692307692307693	0.28846153846153844	0.19230769230769232	0.019230769230769232
63	file:/Users/miriamthompson/Desktop/DH%20Project/Mallet/pre_revolution/ESD2.txt	0.3220338983050847	0.01694915254237288	0.3389830508474576	0.23728813559322035	0.0847457627118644
64	file:/Users/miriamthompson/Desktop/DH%20Project/Mallet/pre_revolution/HCS8.txt	0.10204081632653061	0.12244897959183673	0.061224489795918366	0.2857142857142857	0.42857142857142855
65	file:/Users/miriamthompson/Desktop/DH%20Project/Mallet/pre_revolution/SKK25.txt	0.13559322033898305	0.3898305084745763	0.3050847457627119	0.05084745762711865	0.11864406779661017
66	file:/Users/miriamthompson/Desktop/DH%20Project/Mallet/pre_revolution/SKK31.txt	0.037037037037037035	0.3148148148148148	0.09259259259259259	0.2777777777777778	0.2777777777777778
67	file:/Users/miriamthompson/Desktop/DH%20Project/Mallet/pre_revolution/SKK19.txt	0.125	0.15	0.25	0.4	0.075
68	file:/Users/miriamthompson/Desktop/DH%20Project/Mallet/pre_revolution/SKK14.txt	0.11267605633802817	0.16901408450704225	0.3380281690140845	0.056338028169014086	0.323943661971831
69	file:/Users/miriamthompson/Desktop/DH%20Project/Mallet/pre_revolution/SKK28.txt	0.017241379310344827	0.27586206896551724	0.25862068965517243	0.1896551724137931	0.25862068965517243
70	file:/Users/miriamthompson/Desktop/DH%20Project/Mallet/pre_revolution/EEB2.txt	0.08108108108108109	0.1891891891891892	0.02702702702702703	0.32432432432432434	0.3783783783783784
71	file:/Users/miriamthompson/Desktop/DH%20Project/Mallet/pre_revolution/HCS5.txt	0.16981132075471697	0.20754716981132076	0.1509433962264151	0.37735849056603776	0.09433962264150944
72	file:/Users/miriamthompson/Desktop/DH%20Project/Mallet/pre_revolution/HCS4.txt	0.08823529411764706	0.38235294117647056	0.17647058823529413	0.22058823529411764	0.1323529411764706
73	file:/Users/miriamthompson/Desktop/DH%20Project/Mallet/pre_revolution/EEB3.txt	0.06976744186046512	0.3023255813953488	0.09302325581395349	0.2558139534883721	0.27906976744186046
74	file:/Users/miriamthompson/Desktop/DH%20Project/Mallet/pre_revolution/SKK29.txt	0.11320754716981132	0.22641509433962265	0.3018867924528302	0.16981132075471697	0.18867924528301888
75	file:/Users/miriamthompson/Desktop/DH%20Project/Mallet/pre_revolution/SKK15.txt	0.0967741935483871	0.43548387096774194	0.16129032258064516	0.16129032258064516	0.14516129032258066
76	file:/Users/miriamthompson/Desktop/DH%20Project/Mallet/pre_revolution/SKK17.txt	0.24489795918367346	0.32653061224489793	0.14285714285714285	0.12244897959183673	0.16326530612244897
77	file:/Users/miriamthompson/Desktop/DH%20Project/Mallet/pre_revolution/EEB1.txt	0.13513513513513514	0.21621621621621623	0.16216216216216217	0.32432432432432434	0.16216216216216217
78	file:/Users/miriamthompson/Desktop/DH%20Project/Mallet/pre_revolution/HCS6.txt	0.1	0.31666666666666665	0.15	0.26666666666666666	0.16666666666666666
79	file:/Users/miriamthompson/Desktop/DH%20Project/Mallet/pre_revolution/HCS7.txt	0.2033898305084746	0.1864406779661017	0.1016949152542373	0.4406779661016949	0.06779661016949153
80	file:/Users/miriamthompson/Desktop/DH%20Project/Mallet/pre_revolution/SKK16.txt	0.17307692307692307	0.19230769230769232	0.2692307692307692	0.1346153846153846	0.23076923076923078
81	file:/Users/miriamthompson/Desktop/DH%20Project/Mallet/pre_revolution/SKK12.txt	0.10638297872340426	0.3829787234042553	0.19148936170212766	0.19148936170212766	0.1276595744680851
82	file:/Users/miriamthompson/Desktop/DH%20Project/Mallet/pre_revolution/EEB4.txt	0.41818181818181815	0.16363636363636364	0.05454545454545454	0.12727272727272726	0.23636363636363636
83	file:/Users/miriamthompson/Desktop/DH%20Project/Mallet/pre_revolution/HCS3.txt	0.109375	0.203125	0.25	0.40625	0.03125
84	file:/Users/miriamthompson/Desktop/DH%20Project/Mallet/pre_revolution/ESD9.txt	0.3050847457627119	0.22033898305084745	0.1694915254237288	0.23728813559322035	0.06779661016949153
85	file:/Users/miriamthompson/Desktop/DH%20Project/Mallet/pre_revolution/ESD8.txt	0.43137254901960786	0.1568627450980392	0.2549019607843137	0.0196078431372549	0.13725490196078433
86	file:/Users/miriamthompson/Desktop/DH%20Project/Mallet/pre_revolution/HCS2.txt	0.07462686567164178	0.19402985074626866	0.2835820895522388	0.208955223880597	0.23880597014925373
87	file:/Users/miriamthompson/Desktop/DH%20Project/Mallet/pre_revolution/EEB5.txt	0.3673469387755102	0.22448979591836735	0.02040816326530612	0.3673469387755102	0.02040816326530612
88	file:/Users/miriamthompson/Desktop/DH%20Project/Mallet/pre_revolution/SKK13.txt	0.2	0.2727272727272727	0.2	0.05454545454545454	0.2727272727272727
89	file:/Users/miriamthompson/Desktop/DH%20Project/Mallet/pre_revolution/SKK39.txt	0.07142857142857142	0.30357142857142855	0.017857142857142856	0.08928571428571429	0.5178571428571429
90	file:/Users/miriamthompson/Desktop/DH%20Project/Mallet/pre_revolution/SKK11.txt	0.06976744186046512	0.23255813953488372	0.5813953488372093	0.023255813953488372	0.09302325581395349
91	file:/Users/miriamthompson/Desktop/DH%20Project/Mallet/pre_revolution/EEB7.txt	0.16	0.14	0.04	0.34	0.32
92	file:/Users/miriamthompson/Desktop/DH%20Project/Mallet/pre_revolution/HCS1.txt	0.17073170731707318	0.12195121951219512	0.2682926829268293	0.21951219512195122	0.21951219512195122
93	file:/Users/miriamthompson/Desktop/DH%20Project/Mallet/pre_revolution/EEB6.txt	0.17543859649122806	0.10526315789473684	0.17543859649122806	0.49122807017543857	0.05263157894736842
94	file:/Users/miriamthompson/Desktop/DH%20Project/Mallet/pre_revolution/SKK10.txt	0.19047619047619047	0.23809523809523808	0.3968253968253968	0.12698412698412698	0.047619047619047616
95	file:/Users/miriamthompson/Desktop/DH%20Project/Mallet/pre_revolution/SKK38.txt	0.02040816326530612	0.24489795918367346	0.10204081632653061	0.2857142857142857	0.3469387755102041
96	file:/Users/miriamthompson/Desktop/DH%20Project/Mallet/pre_revolution/HCS26.txt	0.18032786885245902	0.11475409836065574	0.22950819672131148	0.2786885245901639	0.19672131147540983
97	file:/Users/miriamthompson/Desktop/DH%20Project/Mallet/pre_revolution/SKK5.txt	0.125	0.375	0.375	0.020833333333333332	0.10416666666666667
98	file:/Users/miriamthompson/Desktop/DH%20Project/Mallet/pre_revolution/SKK63.txt	0.017857142857142856	0.10714285714285714	0.21428571428571427	0.44642857142857145	0.21428571428571427
99	file:/Users/miriamthompson/Desktop/DH%20Project/Mallet/pre_revolution/SE4.txt	0.10416666666666667	0.4166666666666667	0.1875	0.2708333333333333	0.020833333333333332
100	file:/Users/miriamthompson/Desktop/DH%20Project/Mallet/pre_revolution/SE5.txt	0.43103448275862066	0.25862068965517243	0.1724137931034483	0.10344827586206896	0.034482758620689655
101	file:/Users/miriamthompson/Desktop/DH%20Project/Mallet/pre_revolution/SKK4.txt	0.1836734693877551	0.16326530612244897	0.20408163265306123	0.08163265306122448	0.3673469387755102
102	file:/Users/miriamthompson/Desktop/DH%20Project/Mallet/pre_revolution/SKK62.txt	0.19672131147540983	0.13114754098360656	0.2786885245901639	0.29508196721311475	0.09836065573770492
103	file:/Users/miriamthompson/Desktop/DH%20Project/Mallet/pre_revolution/HCS27.txt	0.20833333333333334	0.14583333333333334	0.08333333333333333	0.5416666666666666	0.020833333333333332
104	file:/Users/miriamthompson/Desktop/DH%20Project/Mallet/pre_revolution/HCS19.txt	0.2631578947368421	0.13157894736842105	0.23684210526315788	0.34210526315789475	0.02631578947368421
105	file:/Users/miriamthompson/Desktop/DH%20Project/Mallet/pre_revolution/HCS25.txt	0.1568627450980392	0.058823529411764705	0.27450980392156865	0.29411764705882354	0.21568627450980393
106	file:/Users/miriamthompson/Desktop/DH%20Project/Mallet/pre_revolution/SKK60.txt	0.04	0.2	0.28	0.34	0.14
107	file:/Users/miriamthompson/Desktop/DH%20Project/Mallet/pre_revolution/SKK6.txt	0.23636363636363636	0.16363636363636364	0.23636363636363636	0.07272727272727272	0.2909090909090909
108	file:/Users/miriamthompson/Desktop/DH%20Project/Mallet/pre_revolution/SKK48.txt	0.13953488372093023	0.046511627906976744	0.11627906976744186	0.37209302325581395	0.32558139534883723
109	file:/Users/miriamthompson/Desktop/DH%20Project/Mallet/pre_revolution/SE7.txt	0.08163265306122448	0.1836734693877551	0.14285714285714285	0.4489795918367347	0.14285714285714285
110	file:/Users/miriamthompson/Desktop/DH%20Project/Mallet/pre_revolution/SE6.txt	0.057692307692307696	0.23076923076923078	0.19230769230769232	0.21153846153846154	0.3076923076923077
111	file:/Users/miriamthompson/Desktop/DH%20Project/Mallet/pre_revolution/SKK49.txt	0.3793103448275862	0.15517241379310345	0.06896551724137931	0.1206896551724138	0.27586206896551724
112	file:/Users/miriamthompson/Desktop/DH%20Project/Mallet/pre_revolution/SKK61.txt	0.24193548387096775	0.16129032258064516	0.1935483870967742	0.24193548387096775	0.16129032258064516
113	file:/Users/miriamthompson/Desktop/DH%20Project/Mallet/pre_revolution/SKK7.txt	0.42105263157894735	0.15789473684210525	0.05263157894736842	0.17543859649122806	0.19298245614035087
114	file:/Users/miriamthompson/Desktop/DH%20Project/Mallet/pre_revolution/HCS24.txt	0.2982456140350877	0.17543859649122806	0.2631578947368421	0.08771929824561403	0.17543859649122806
115	file:/Users/miriamthompson/Desktop/DH%20Project/Mallet/pre_revolution/HCS18.txt	0.11363636363636363	0.045454545454545456	0.20454545454545456	0.36363636363636365	0.2727272727272727
116	file:/Users/miriamthompson/Desktop/DH%20Project/Mallet/pre_revolution/HCS20.txt	0.2857142857142857	0.07142857142857142	0.2857142857142857	0.3333333333333333	0.023809523809523808
117	file:/Users/miriamthompson/Desktop/DH%20Project/Mallet/pre_revolution/SKK59.txt	0.15517241379310345	0.22413793103448276	0.10344827586206896	0.41379310344827586	0.10344827586206896
118	file:/Users/miriamthompson/Desktop/DH%20Project/Mallet/pre_revolution/SKK3.txt	0.20634920634920634	0.1111111111111111	0.3333333333333333	0.09523809523809523	0.25396825396825395
119	file:/Users/miriamthompson/Desktop/DH%20Project/Mallet/pre_revolution/SKK65.txt	0.10909090909090909	0.14545454545454545	0.2	0.14545454545454545	0.4
120	file:/Users/miriamthompson/Desktop/DH%20Project/Mallet/pre_revolution/SKK71.txt	0.3125	0.109375	0.0625	0.140625	0.375
121	file:/Users/miriamthompson/Desktop/DH%20Project/Mallet/pre_revolution/SE2.txt	0.15	0.2	0.2	0.2	0.25
122	file:/Users/miriamthompson/Desktop/DH%20Project/Mallet/pre_revolution/SE3.txt	0.125	0.3333333333333333	0.3541666666666667	0.125	0.0625
123	file:/Users/miriamthompson/Desktop/DH%20Project/Mallet/pre_revolution/SKK70.txt	0.2777777777777778	0.05555555555555555	0.2777777777777778	0.2037037037037037	0.18518518518518517
124	file:/Users/miriamthompson/Desktop/DH%20Project/Mallet/pre_revolution/SKK2.txt	0.08333333333333333	0.020833333333333332	0.4375	0.1875	0.2708333333333333
125	file:/Users/miriamthompson/Desktop/DH%20Project/Mallet/pre_revolution/SKK64.txt	0.12	0.1	0.2	0.2	0.38
126	file:/Users/miriamthompson/Desktop/DH%20Project/Mallet/pre_revolution/SKK58.txt	0.20930232558139536	0.4883720930232558	0.023255813953488372	0.09302325581395349	0.18604651162790697
127	file:/Users/miriamthompson/Desktop/DH%20Project/Mallet/pre_revolution/HCS21.txt	0.23255813953488372	0.2558139534883721	0.23255813953488372	0.06976744186046512	0.20930232558139536
128	file:/Users/miriamthompson/Desktop/DH%20Project/Mallet/pre_revolution/HCS23.txt	0.2978723404255319	0.2553191489361702	0.1276595744680851	0.2765957446808511	0.0425531914893617
129	file:/Users/miriamthompson/Desktop/DH%20Project/Mallet/pre_revolution/SKK66.txt	0.1935483870967742	0.12903225806451613	0.0967741935483871	0.3387096774193548	0.24193548387096775
130	file:/Users/miriamthompson/Desktop/DH%20Project/Mallet/pre_revolution/SE1.txt	0.16326530612244897	0.22448979591836735	0.10204081632653061	0.4489795918367347	0.061224489795918366
131	file:/Users/miriamthompson/Desktop/DH%20Project/Mallet/pre_revolution/SKK67.txt	0.20833333333333334	0.16666666666666666	0.14583333333333334	0.2916666666666667	0.1875
132	file:/Users/miriamthompson/Desktop/DH%20Project/Mallet/pre_revolution/SKK1.txt	0.23404255319148937	0.02127659574468085	0.1702127659574468	0.3617021276595745	0.2127659574468085
133	file:/Users/miriamthompson/Desktop/DH%20Project/Mallet/pre_revolution/HCS22.txt	0.08771929824561403	0.12280701754385964	0.22807017543859648	0.24561403508771928	0.3157894736842105
