0	file:/Users/miriamthompson/Desktop/DH%20Project/Mallet/pre_revolution/HCS13.txt	0.15625	0.010416666666666666	0.23958333333333334	0.07291666666666667	0.15625	0.010416666666666666	0.03125	0.07291666666666667	0.13541666666666666	0.11458333333333333
1	file:/Users/miriamthompson/Desktop/DH%20Project/Mallet/pre_revolution/SKK56.txt	0.17045454545454544	0.03409090909090909	0.03409090909090909	0.011363636363636364	0.14772727272727273	0.17045454545454544	0.056818181818181816	0.19318181818181818	0.17045454545454544	0.011363636363636364
2	file:/Users/miriamthompson/Desktop/DH%20Project/Mallet/pre_revolution/SKK42.txt	0.02631578947368421	0.008771929824561403	0.043859649122807015	0.008771929824561403	0.11403508771929824	0.13157894736842105	0.02631578947368421	0.21929824561403508	0.39473684210526316	0.02631578947368421
3	file:/Users/miriamthompson/Desktop/DH%20Project/Mallet/pre_revolution/SKK43.txt	0.4868421052631579	0.013157894736842105	0.013157894736842105	0.039473684210526314	0.013157894736842105	0.013157894736842105	0.11842105263157894	0.2236842105263158	0.013157894736842105	0.06578947368421052
4	file:/Users/miriamthompson/Desktop/DH%20Project/Mallet/pre_revolution/SKK57.txt	0.11458333333333333	0.15625	0.052083333333333336	0.17708333333333334	0.09375	0.010416666666666666	0.010416666666666666	0.23958333333333334	0.07291666666666667	0.07291666666666667
5	file:/Users/miriamthompson/Desktop/DH%20Project/Mallet/pre_revolution/HCS12.txt	0.22972972972972974	0.013513513513513514	0.17567567567567569	0.04054054054054054	0.06756756756756757	0.04054054054054054	0.12162162162162163	0.04054054054054054	0.0945945945945946	0.17567567567567569
6	file:/Users/miriamthompson/Desktop/DH%20Project/Mallet/pre_revolution/HCS10.txt	0.15853658536585366	0.06097560975609756	0.35365853658536583	0.012195121951219513	0.012195121951219513	0.10975609756097561	0.15853658536585366	0.012195121951219513	0.012195121951219513	0.10975609756097561
7	file:/Users/miriamthompson/Desktop/DH%20Project/Mallet/pre_revolution/SE14.txt	0.25	0.039473684210526314	0.09210526315789473	0.25	0.013157894736842105	0.11842105263157894	0.013157894736842105	0.06578947368421052	0.039473684210526314	0.11842105263157894
8	file:/Users/miriamthompson/Desktop/DH%20Project/Mallet/pre_revolution/SKK41.txt	0.08823529411764706	0.06862745098039216	0.08823529411764706	0.28431372549019607	0.00980392156862745	0.049019607843137254	0.3235294117647059	0.029411764705882353	0.049019607843137254	0.00980392156862745
9	file:/Users/miriamthompson/Desktop/DH%20Project/Mallet/pre_revolution/SKK55.txt	0.2111111111111111	0.05555555555555555	0.011111111111111112	0.011111111111111112	0.14444444444444443	0.011111111111111112	0.36666666666666664	0.011111111111111112	0.12222222222222222	0.05555555555555555
10	file:/Users/miriamthompson/Desktop/DH%20Project/Mallet/pre_revolution/SKK69.txt	0.07446808510638298	0.05319148936170213	0.010638297872340425	0.031914893617021274	0.13829787234042554	0.30851063829787234	0.031914893617021274	0.010638297872340425	0.24468085106382978	0.09574468085106383
11	file:/Users/miriamthompson/Desktop/DH%20Project/Mallet/pre_revolution/SKK68.txt	0.15306122448979592	0.17346938775510204	0.07142857142857142	0.25510204081632654	0.030612244897959183	0.01020408163265306	0.01020408163265306	0.11224489795918367	0.07142857142857142	0.11224489795918367
12	file:/Users/miriamthompson/Desktop/DH%20Project/Mallet/pre_revolution/SKK54.txt	0.07	0.05	0.15	0.01	0.11	0.01	0.23	0.17	0.09	0.11
13	file:/Users/miriamthompson/Desktop/DH%20Project/Mallet/pre_revolution/SKK40.txt	0.00847457627118644	0.211864406779661	0.00847457627118644	0.025423728813559324	0.00847457627118644	0.059322033898305086	0.5677966101694916	0.07627118644067797	0.025423728813559324	0.00847457627118644
14	file:/Users/miriamthompson/Desktop/DH%20Project/Mallet/pre_revolution/HCS11.txt	0.03488372093023256	0.03488372093023256	0.29069767441860467	0.2441860465116279	0.011627906976744186	0.011627906976744186	0.26744186046511625	0.011627906976744186	0.03488372093023256	0.05813953488372093
15	file:/Users/miriamthompson/Desktop/DH%20Project/Mallet/pre_revolution/HCS15.txt	0.16666666666666666	0.06140350877192982	0.21929824561403508	0.008771929824561403	0.008771929824561403	0.043859649122807015	0.18421052631578946	0.008771929824561403	0.13157894736842105	0.16666666666666666
16	file:/Users/miriamthompson/Desktop/DH%20Project/Mallet/pre_revolution/SE11.txt	0.313953488372093	0.011627906976744186	0.1744186046511628	0.12790697674418605	0.05813953488372093	0.011627906976744186	0.08139534883720931	0.011627906976744186	0.08139534883720931	0.12790697674418605
17	file:/Users/miriamthompson/Desktop/DH%20Project/Mallet/pre_revolution/SKK44.txt	0.09782608695652174	0.03260869565217391	0.25	0.05434782608695652	0.010869565217391304	0.010869565217391304	0.18478260869565216	0.010869565217391304	0.33695652173913043	0.010869565217391304
18	file:/Users/miriamthompson/Desktop/DH%20Project/Mallet/pre_revolution/SKK50.txt	0.010869565217391304	0.03260869565217391	0.010869565217391304	0.03260869565217391	0.18478260869565216	0.010869565217391304	0.14130434782608695	0.20652173913043478	0.11956521739130435	0.25
19	file:/Users/miriamthompson/Desktop/DH%20Project/Mallet/pre_revolution/SKK51.txt	0.011627906976744186	0.03488372093023256	0.1744186046511628	0.12790697674418605	0.19767441860465115	0.03488372093023256	0.10465116279069768	0.10465116279069768	0.1744186046511628	0.03488372093023256
20	file:/Users/miriamthompson/Desktop/DH%20Project/Mallet/pre_revolution/SKK45.txt	0.14705882352941177	0.16666666666666666	0.00980392156862745	0.12745098039215685	0.2647058823529412	0.029411764705882353	0.00980392156862745	0.22549019607843138	0.00980392156862745	0.00980392156862745
21	file:/Users/miriamthompson/Desktop/DH%20Project/Mallet/pre_revolution/SE10.txt	0.336734693877551	0.01020408163265306	0.2755102040816326	0.05102040816326531	0.01020408163265306	0.07142857142857142	0.19387755102040816	0.01020408163265306	0.030612244897959183	0.01020408163265306
22	file:/Users/miriamthompson/Desktop/DH%20Project/Mallet/pre_revolution/HCS14.txt	0.011627906976744186	0.011627906976744186	0.10465116279069768	0.10465116279069768	0.08139534883720931	0.011627906976744186	0.38372093023255816	0.011627906976744186	0.05813953488372093	0.22093023255813954
23	file:/Users/miriamthompson/Desktop/DH%20Project/Mallet/pre_revolution/HCS16.txt	0.01020408163265306	0.030612244897959183	0.07142857142857142	0.030612244897959183	0.1326530612244898	0.09183673469387756	0.25510204081632654	0.030612244897959183	0.1326530612244898	0.21428571428571427
24	file:/Users/miriamthompson/Desktop/DH%20Project/Mallet/pre_revolution/SKK9.txt	0.18292682926829268	0.036585365853658534	0.012195121951219513	0.08536585365853659	0.13414634146341464	0.23170731707317074	0.012195121951219513	0.012195121951219513	0.036585365853658534	0.25609756097560976
25	file:/Users/miriamthompson/Desktop/DH%20Project/Mallet/pre_revolution/SKK53.txt	0.16666666666666666	0.28431372549019607	0.18627450980392157	0.08823529411764706	0.029411764705882353	0.06862745098039216	0.06862745098039216	0.049019607843137254	0.049019607843137254	0.00980392156862745
26	file:/Users/miriamthompson/Desktop/DH%20Project/Mallet/pre_revolution/SKK47.txt	0.01	0.55	0.01	0.09	0.05	0.01	0.03	0.03	0.21	0.01
27	file:/Users/miriamthompson/Desktop/DH%20Project/Mallet/pre_revolution/SE12.txt	0.2875	0.0125	0.2375	0.0125	0.0375	0.0875	0.0875	0.0125	0.1375	0.0875
28	file:/Users/miriamthompson/Desktop/DH%20Project/Mallet/pre_revolution/SE8.txt	0.19230769230769232	0.01282051282051282	0.11538461538461539	0.14102564102564102	0.11538461538461539	0.01282051282051282	0.11538461538461539	0.038461538461538464	0.038461538461538464	0.21794871794871795
29	file:/Users/miriamthompson/Desktop/DH%20Project/Mallet/pre_revolution/SE9.txt	0.26136363636363635	0.03409090909090909	0.10227272727272728	0.10227272727272728	0.011363636363636364	0.011363636363636364	0.03409090909090909	0.011363636363636364	0.2840909090909091	0.14772727272727273
30	file:/Users/miriamthompson/Desktop/DH%20Project/Mallet/pre_revolution/SE13.txt	0.015151515151515152	0.015151515151515152	0.045454545454545456	0.10606060606060606	0.015151515151515152	0.045454545454545456	0.25757575757575757	0.10606060606060606	0.19696969696969696	0.19696969696969696
31	file:/Users/miriamthompson/Desktop/DH%20Project/Mallet/pre_revolution/SKK46.txt	0.009259259259259259	0.1574074074074074	0.12037037037037036	0.009259259259259259	0.046296296296296294	0.1574074074074074	0.009259259259259259	0.06481481481481481	0.1388888888888889	0.28703703703703703
32	file:/Users/miriamthompson/Desktop/DH%20Project/Mallet/pre_revolution/SKK52.txt	0.2818181818181818	0.045454545454545456	0.00909090909090909	0.00909090909090909	0.06363636363636363	0.11818181818181818	0.3	0.06363636363636363	0.08181818181818182	0.02727272727272727
33	file:/Users/miriamthompson/Desktop/DH%20Project/Mallet/pre_revolution/SKK8.txt	0.10465116279069768	0.03488372093023256	0.03488372093023256	0.1744186046511628	0.1511627906976744	0.2441860465116279	0.03488372093023256	0.10465116279069768	0.10465116279069768	0.011627906976744186
34	file:/Users/miriamthompson/Desktop/DH%20Project/Mallet/pre_revolution/HCS17.txt	0.08823529411764706	0.00980392156862745	0.18627450980392157	0.00980392156862745	0.10784313725490197	0.00980392156862745	0.16666666666666666	0.24509803921568626	0.029411764705882353	0.14705882352941177
35	file:/Users/miriamthompson/Desktop/DH%20Project/Mallet/pre_revolution/SKK35.txt	0.008928571428571428	0.4732142857142857	0.008928571428571428	0.008928571428571428	0.008928571428571428	0.008928571428571428	0.16964285714285715	0.22321428571428573	0.008928571428571428	0.08035714285714286
36	file:/Users/miriamthompson/Desktop/DH%20Project/Mallet/pre_revolution/SKK21.txt	0.008620689655172414	0.02586206896551724	0.02586206896551724	0.4224137931034483	0.16379310344827586	0.008620689655172414	0.0603448275862069	0.12931034482758622	0.07758620689655173	0.07758620689655173
37	file:/Users/miriamthompson/Desktop/DH%20Project/Mallet/pre_revolution/EEB11.txt	0.03571428571428571	0.011904761904761904	0.17857142857142858	0.03571428571428571	0.5357142857142857	0.10714285714285714	0.011904761904761904	0.03571428571428571	0.011904761904761904	0.03571428571428571
38	file:/Users/miriamthompson/Desktop/DH%20Project/Mallet/pre_revolution/ESD6.txt	0.11956521739130435	0.05434782608695652	0.03260869565217391	0.010869565217391304	0.010869565217391304	0.18478260869565216	0.07608695652173914	0.05434782608695652	0.010869565217391304	0.44565217391304346
39	file:/Users/miriamthompson/Desktop/DH%20Project/Mallet/pre_revolution/ESD7.txt	0.026785714285714284	0.16964285714285715	0.15178571428571427	0.044642857142857144	0.026785714285714284	0.044642857142857144	0.026785714285714284	0.008928571428571428	0.09821428571428571	0.4017857142857143
40	file:/Users/miriamthompson/Desktop/DH%20Project/Mallet/pre_revolution/EEB10.txt	0.036585365853658534	0.012195121951219513	0.012195121951219513	0.012195121951219513	0.573170731707317	0.012195121951219513	0.036585365853658534	0.23170731707317074	0.06097560975609756	0.012195121951219513
41	file:/Users/miriamthompson/Desktop/DH%20Project/Mallet/pre_revolution/SKK20.txt	0.10465116279069768	0.03488372093023256	0.011627906976744186	0.10465116279069768	0.1511627906976744	0.011627906976744186	0.05813953488372093	0.3372093023255814	0.08139534883720931	0.10465116279069768
42	file:/Users/miriamthompson/Desktop/DH%20Project/Mallet/pre_revolution/SKK34.txt	0.044642857142857144	0.6339285714285714	0.026785714285714284	0.044642857142857144	0.026785714285714284	0.0625	0.044642857142857144	0.09821428571428571	0.008928571428571428	0.008928571428571428
43	file:/Users/miriamthompson/Desktop/DH%20Project/Mallet/pre_revolution/SKK22.txt	0.09574468085106383	0.18085106382978725	0.031914893617021274	0.22340425531914893	0.09574468085106383	0.18085106382978725	0.010638297872340425	0.07446808510638298	0.09574468085106383	0.010638297872340425
44	file:/Users/miriamthompson/Desktop/DH%20Project/Mallet/pre_revolution/SKK36.txt	0.22826086956521738	0.16304347826086957	0.11956521739130435	0.03260869565217391	0.010869565217391304	0.18478260869565216	0.07608695652173914	0.07608695652173914	0.07608695652173914	0.03260869565217391
45	file:/Users/miriamthompson/Desktop/DH%20Project/Mallet/pre_revolution/EEB8.txt	0.015151515151515152	0.015151515151515152	0.22727272727272727	0.10606060606060606	0.13636363636363635	0.015151515151515152	0.015151515151515152	0.045454545454545456	0.015151515151515152	0.4090909090909091
46	file:/Users/miriamthompson/Desktop/DH%20Project/Mallet/pre_revolution/ESD5.txt	0.5083333333333333	0.041666666666666664	0.008333333333333333	0.008333333333333333	0.008333333333333333	0.041666666666666664	0.008333333333333333	0.058333333333333334	0.025	0.2916666666666667
47	file:/Users/miriamthompson/Desktop/DH%20Project/Mallet/pre_revolution/ESD10.txt	0.17592592592592593	0.17592592592592593	0.027777777777777776	0.027777777777777776	0.009259259259259259	0.009259259259259259	0.009259259259259259	0.046296296296296294	0.046296296296296294	0.4722222222222222
48	file:/Users/miriamthompson/Desktop/DH%20Project/Mallet/pre_revolution/ESD11.txt	0.3979591836734694	0.01020408163265306	0.01020408163265306	0.07142857142857142	0.01020408163265306	0.030612244897959183	0.07142857142857142	0.030612244897959183	0.05102040816326531	0.3163265306122449
49	file:/Users/miriamthompson/Desktop/DH%20Project/Mallet/pre_revolution/ESD4.txt	0.43333333333333335	0.011111111111111112	0.011111111111111112	0.011111111111111112	0.07777777777777778	0.03333333333333333	0.03333333333333333	0.03333333333333333	0.07777777777777778	0.2777777777777778
50	file:/Users/miriamthompson/Desktop/DH%20Project/Mallet/pre_revolution/EEB9.txt	0.00980392156862745	0.06862745098039216	0.14705882352941177	0.029411764705882353	0.4803921568627451	0.00980392156862745	0.00980392156862745	0.029411764705882353	0.049019607843137254	0.16666666666666666
51	file:/Users/miriamthompson/Desktop/DH%20Project/Mallet/pre_revolution/SKK37.txt	0.125	0.14772727272727273	0.03409090909090909	0.14772727272727273	0.011363636363636364	0.011363636363636364	0.056818181818181816	0.10227272727272728	0.23863636363636365	0.125
52	file:/Users/miriamthompson/Desktop/DH%20Project/Mallet/pre_revolution/SKK23.txt	0.06481481481481481	0.009259259259259259	0.12037037037037036	0.027777777777777776	0.08333333333333333	0.1574074074074074	0.10185185185185185	0.25	0.12037037037037036	0.06481481481481481
53	file:/Users/miriamthompson/Desktop/DH%20Project/Mallet/pre_revolution/SKK27.txt	0.23333333333333334	0.2111111111111111	0.011111111111111112	0.011111111111111112	0.011111111111111112	0.34444444444444444	0.011111111111111112	0.011111111111111112	0.05555555555555555	0.1
54	file:/Users/miriamthompson/Desktop/DH%20Project/Mallet/pre_revolution/SKK33.txt	0.011627906976744186	0.10465116279069768	0.10465116279069768	0.1511627906976744	0.08139534883720931	0.05813953488372093	0.22093023255813954	0.22093023255813954	0.03488372093023256	0.011627906976744186
55	file:/Users/miriamthompson/Desktop/DH%20Project/Mallet/pre_revolution/ESD1.txt	0.07954545454545454	0.011363636363636364	0.011363636363636364	0.125	0.056818181818181816	0.07954545454545454	0.03409090909090909	0.011363636363636364	0.011363636363636364	0.5795454545454546
56	file:/Users/miriamthompson/Desktop/DH%20Project/Mallet/pre_revolution/SKK32.txt	0.25	0.013157894736842105	0.039473684210526314	0.19736842105263158	0.039473684210526314	0.013157894736842105	0.17105263157894737	0.06578947368421052	0.06578947368421052	0.14473684210526316
57	file:/Users/miriamthompson/Desktop/DH%20Project/Mallet/pre_revolution/SKK26.txt	0.25609756097560976	0.08536585365853659	0.10975609756097561	0.3048780487804878	0.012195121951219513	0.036585365853658534	0.012195121951219513	0.15853658536585366	0.012195121951219513	0.012195121951219513
58	file:/Users/miriamthompson/Desktop/DH%20Project/Mallet/pre_revolution/SKK18.txt	0.024193548387096774	0.10483870967741936	0.04032258064516129	0.07258064516129033	0.29838709677419356	0.008064516129032258	0.07258064516129033	0.28225806451612906	0.08870967741935484	0.008064516129032258
59	file:/Users/miriamthompson/Desktop/DH%20Project/Mallet/pre_revolution/SKK30.txt	0.04032258064516129	0.21774193548387097	0.024193548387096774	0.04032258064516129	0.25	0.04032258064516129	0.008064516129032258	0.29838709677419356	0.04032258064516129	0.04032258064516129
60	file:/Users/miriamthompson/Desktop/DH%20Project/Mallet/pre_revolution/SKK24.txt	0.059322033898305086	0.07627118644067797	0.025423728813559324	0.025423728813559324	0.1440677966101695	0.17796610169491525	0.1440677966101695	0.17796610169491525	0.16101694915254236	0.00847457627118644
61	file:/Users/miriamthompson/Desktop/DH%20Project/Mallet/pre_revolution/HCS9.txt	0.010869565217391304	0.05434782608695652	0.09782608695652174	0.2717391304347826	0.03260869565217391	0.29347826086956524	0.18478260869565216	0.03260869565217391	0.010869565217391304	0.010869565217391304
62	file:/Users/miriamthompson/Desktop/DH%20Project/Mallet/pre_revolution/ESD3.txt	0.1511627906976744	0.011627906976744186	0.011627906976744186	0.03488372093023256	0.08139534883720931	0.011627906976744186	0.1511627906976744	0.011627906976744186	0.011627906976744186	0.5232558139534884
63	file:/Users/miriamthompson/Desktop/DH%20Project/Mallet/pre_revolution/ESD2.txt	0.22826086956521738	0.010869565217391304	0.03260869565217391	0.11956521739130435	0.010869565217391304	0.03260869565217391	0.07608695652173914	0.03260869565217391	0.03260869565217391	0.42391304347826086
64	file:/Users/miriamthompson/Desktop/DH%20Project/Mallet/pre_revolution/HCS8.txt	0.011111111111111112	0.011111111111111112	0.03333333333333333	0.3	0.12222222222222222	0.14444444444444443	0.18888888888888888	0.05555555555555555	0.011111111111111112	0.12222222222222222
65	file:/Users/miriamthompson/Desktop/DH%20Project/Mallet/pre_revolution/SKK25.txt	0.044642857142857144	0.044642857142857144	0.008928571428571428	0.044642857142857144	0.044642857142857144	0.026785714285714284	0.41964285714285715	0.22321428571428573	0.026785714285714284	0.11607142857142858
66	file:/Users/miriamthompson/Desktop/DH%20Project/Mallet/pre_revolution/SKK31.txt	0.21875	0.09375	0.010416666666666666	0.010416666666666666	0.17708333333333334	0.010416666666666666	0.17708333333333334	0.07291666666666667	0.13541666666666666	0.09375
67	file:/Users/miriamthompson/Desktop/DH%20Project/Mallet/pre_revolution/SKK19.txt	0.08974358974358974	0.19230769230769232	0.038461538461538464	0.0641025641025641	0.19230769230769232	0.08974358974358974	0.01282051282051282	0.08974358974358974	0.08974358974358974	0.14102564102564102
68	file:/Users/miriamthompson/Desktop/DH%20Project/Mallet/pre_revolution/SKK14.txt	0.022388059701492536	0.05223880597014925	0.12686567164179105	0.17164179104477612	0.06716417910447761	0.03731343283582089	0.03731343283582089	0.12686567164179105	0.35074626865671643	0.007462686567164179
69	file:/Users/miriamthompson/Desktop/DH%20Project/Mallet/pre_revolution/SKK28.txt	0.06862745098039216	0.22549019607843138	0.00980392156862745	0.00980392156862745	0.24509803921568626	0.16666666666666666	0.049019607843137254	0.00980392156862745	0.16666666666666666	0.049019607843137254
70	file:/Users/miriamthompson/Desktop/DH%20Project/Mallet/pre_revolution/EEB2.txt	0.016129032258064516	0.04838709677419355	0.04838709677419355	0.1774193548387097	0.3387096774193548	0.08064516129032258	0.016129032258064516	0.016129032258064516	0.016129032258064516	0.24193548387096775
71	file:/Users/miriamthompson/Desktop/DH%20Project/Mallet/pre_revolution/HCS5.txt	0.29	0.03	0.03	0.09	0.29	0.01	0.09	0.07	0.01	0.09
72	file:/Users/miriamthompson/Desktop/DH%20Project/Mallet/pre_revolution/HCS4.txt	0.175	0.025	0.058333333333333334	0.24166666666666667	0.10833333333333334	0.14166666666666666	0.125	0.041666666666666664	0.075	0.008333333333333333
73	file:/Users/miriamthompson/Desktop/DH%20Project/Mallet/pre_revolution/EEB3.txt	0.013513513513513514	0.06756756756756757	0.17567567567567569	0.04054054054054054	0.22972972972972974	0.0945945945945946	0.17567567567567569	0.04054054054054054	0.013513513513513514	0.14864864864864866
74	file:/Users/miriamthompson/Desktop/DH%20Project/Mallet/pre_revolution/SKK29.txt	0.2125	0.1125	0.0125	0.1875	0.0125	0.1125	0.0625	0.0625	0.0875	0.1375
75	file:/Users/miriamthompson/Desktop/DH%20Project/Mallet/pre_revolution/SKK15.txt	0.08035714285714286	0.044642857142857144	0.16964285714285715	0.20535714285714285	0.08035714285714286	0.24107142857142858	0.044642857142857144	0.008928571428571428	0.11607142857142858	0.008928571428571428
76	file:/Users/miriamthompson/Desktop/DH%20Project/Mallet/pre_revolution/SKK17.txt	0.11702127659574468	0.22340425531914893	0.031914893617021274	0.13829787234042554	0.05319148936170213	0.010638297872340425	0.07446808510638298	0.22340425531914893	0.09574468085106383	0.031914893617021274
77	file:/Users/miriamthompson/Desktop/DH%20Project/Mallet/pre_revolution/EEB1.txt	0.015151515151515152	0.015151515151515152	0.3181818181818182	0.015151515151515152	0.07575757575757576	0.07575757575757576	0.22727272727272727	0.10606060606060606	0.10606060606060606	0.045454545454545456
78	file:/Users/miriamthompson/Desktop/DH%20Project/Mallet/pre_revolution/HCS6.txt	0.02830188679245283	0.04716981132075472	0.25471698113207547	0.1792452830188679	0.04716981132075472	0.1792452830188679	0.009433962264150943	0.12264150943396226	0.08490566037735849	0.04716981132075472
79	file:/Users/miriamthompson/Desktop/DH%20Project/Mallet/pre_revolution/HCS7.txt	0.22321428571428573	0.08035714285714286	0.20535714285714285	0.16964285714285715	0.09821428571428571	0.11607142857142858	0.044642857142857144	0.026785714285714284	0.026785714285714284	0.008928571428571428
80	file:/Users/miriamthompson/Desktop/DH%20Project/Mallet/pre_revolution/SKK16.txt	0.40625	0.010416666666666666	0.010416666666666666	0.07291666666666667	0.052083333333333336	0.15625	0.03125	0.03125	0.07291666666666667	0.15625
81	file:/Users/miriamthompson/Desktop/DH%20Project/Mallet/pre_revolution/SKK12.txt	0.01282051282051282	0.038461538461538464	0.11538461538461539	0.11538461538461539	0.14102564102564102	0.16666666666666666	0.01282051282051282	0.0641025641025641	0.2692307692307692	0.0641025641025641
82	file:/Users/miriamthompson/Desktop/DH%20Project/Mallet/pre_revolution/EEB4.txt	0.02830188679245283	0.02830188679245283	0.04716981132075472	0.02830188679245283	0.5566037735849056	0.10377358490566038	0.009433962264150943	0.009433962264150943	0.14150943396226415	0.04716981132075472
83	file:/Users/miriamthompson/Desktop/DH%20Project/Mallet/pre_revolution/HCS3.txt	0.19491525423728814	0.0423728813559322	0.025423728813559324	0.11016949152542373	0.0423728813559322	0.211864406779661	0.19491525423728814	0.00847457627118644	0.11016949152542373	0.059322033898305086
84	file:/Users/miriamthompson/Desktop/DH%20Project/Mallet/pre_revolution/ESD9.txt	0.4649122807017544	0.008771929824561403	0.07894736842105263	0.008771929824561403	0.008771929824561403	0.07894736842105263	0.043859649122807015	0.02631578947368421	0.008771929824561403	0.2719298245614035
85	file:/Users/miriamthompson/Desktop/DH%20Project/Mallet/pre_revolution/ESD8.txt	0.010416666666666666	0.09375	0.052083333333333336	0.010416666666666666	0.17708333333333334	0.010416666666666666	0.03125	0.03125	0.28125	0.3020833333333333
86	file:/Users/miriamthompson/Desktop/DH%20Project/Mallet/pre_revolution/HCS2.txt	0.023809523809523808	0.007936507936507936	0.11904761904761904	0.07142857142857142	0.0873015873015873	0.2777777777777778	0.1349206349206349	0.0873015873015873	0.0873015873015873	0.10317460317460317
87	file:/Users/miriamthompson/Desktop/DH%20Project/Mallet/pre_revolution/EEB5.txt	0.0125	0.0125	0.2125	0.0125	0.3625	0.2625	0.0125	0.0375	0.0625	0.0125
88	file:/Users/miriamthompson/Desktop/DH%20Project/Mallet/pre_revolution/SKK13.txt	0.07291666666666667	0.052083333333333336	0.13541666666666666	0.07291666666666667	0.21875	0.3854166666666667	0.010416666666666666	0.010416666666666666	0.03125	0.010416666666666666
89	file:/Users/miriamthompson/Desktop/DH%20Project/Mallet/pre_revolution/SKK39.txt	0.009433962264150943	0.42452830188679247	0.04716981132075472	0.02830188679245283	0.04716981132075472	0.10377358490566038	0.0660377358490566	0.1792452830188679	0.08490566037735849	0.009433962264150943
90	file:/Users/miriamthompson/Desktop/DH%20Project/Mallet/pre_revolution/SKK11.txt	0.10714285714285714	0.011904761904761904	0.011904761904761904	0.27380952380952384	0.011904761904761904	0.44047619047619047	0.011904761904761904	0.03571428571428571	0.08333333333333333	0.011904761904761904
91	file:/Users/miriamthompson/Desktop/DH%20Project/Mallet/pre_revolution/EEB7.txt	0.011904761904761904	0.10714285714285714	0.20238095238095238	0.011904761904761904	0.34523809523809523	0.13095238095238096	0.10714285714285714	0.011904761904761904	0.011904761904761904	0.05952380952380952
92	file:/Users/miriamthompson/Desktop/DH%20Project/Mallet/pre_revolution/HCS1.txt	0.04411764705882353	0.014705882352941176	0.014705882352941176	0.3088235294117647	0.014705882352941176	0.014705882352941176	0.25	0.16176470588235295	0.014705882352941176	0.16176470588235295
93	file:/Users/miriamthompson/Desktop/DH%20Project/Mallet/pre_revolution/EEB6.txt	0.030612244897959183	0.030612244897959183	0.15306122448979592	0.01020408163265306	0.5	0.05102040816326531	0.07142857142857142	0.05102040816326531	0.09183673469387756	0.01020408163265306
94	file:/Users/miriamthompson/Desktop/DH%20Project/Mallet/pre_revolution/SKK10.txt	0.040983606557377046	0.12295081967213115	0.09016393442622951	0.22131147540983606	0.00819672131147541	0.3360655737704918	0.00819672131147541	0.12295081967213115	0.02459016393442623	0.02459016393442623
95	file:/Users/miriamthompson/Desktop/DH%20Project/Mallet/pre_revolution/SKK38.txt	0.08536585365853659	0.25609756097560976	0.10975609756097561	0.036585365853658534	0.012195121951219513	0.012195121951219513	0.10975609756097561	0.35365853658536583	0.012195121951219513	0.012195121951219513
96	file:/Users/miriamthompson/Desktop/DH%20Project/Mallet/pre_revolution/HCS26.txt	0.23469387755102042	0.01020408163265306	0.11224489795918367	0.01020408163265306	0.09183673469387756	0.1326530612244898	0.09183673469387756	0.11224489795918367	0.1326530612244898	0.07142857142857142
97	file:/Users/miriamthompson/Desktop/DH%20Project/Mallet/pre_revolution/SKK5.txt	0.10975609756097561	0.036585365853658534	0.036585365853658534	0.036585365853658534	0.036585365853658534	0.06097560975609756	0.06097560975609756	0.5487804878048781	0.036585365853658534	0.036585365853658534
98	file:/Users/miriamthompson/Desktop/DH%20Project/Mallet/pre_revolution/SKK63.txt	0.17	0.03	0.03	0.07	0.19	0.03	0.33	0.01	0.11	0.03
99	file:/Users/miriamthompson/Desktop/DH%20Project/Mallet/pre_revolution/SE4.txt	0.05813953488372093	0.1511627906976744	0.08139534883720931	0.26744186046511625	0.011627906976744186	0.03488372093023256	0.19767441860465115	0.12790697674418605	0.05813953488372093	0.011627906976744186
100	file:/Users/miriamthompson/Desktop/DH%20Project/Mallet/pre_revolution/SE5.txt	0.008928571428571428	0.026785714285714284	0.044642857142857144	0.0625	0.044642857142857144	0.38392857142857145	0.026785714285714284	0.1875	0.008928571428571428	0.20535714285714285
101	file:/Users/miriamthompson/Desktop/DH%20Project/Mallet/pre_revolution/SKK4.txt	0.03571428571428571	0.15476190476190477	0.011904761904761904	0.05952380952380952	0.08333333333333333	0.011904761904761904	0.05952380952380952	0.2261904761904762	0.20238095238095238	0.15476190476190477
102	file:/Users/miriamthompson/Desktop/DH%20Project/Mallet/pre_revolution/SKK62.txt	0.4298245614035088	0.008771929824561403	0.09649122807017543	0.16666666666666666	0.13157894736842105	0.008771929824561403	0.008771929824561403	0.07894736842105263	0.02631578947368421	0.043859649122807015
103	file:/Users/miriamthompson/Desktop/DH%20Project/Mallet/pre_revolution/HCS27.txt	0.19318181818181818	0.011363636363636364	0.3068181818181818	0.07954545454545454	0.07954545454545454	0.03409090909090909	0.26136363636363635	0.011363636363636364	0.011363636363636364	0.011363636363636364
104	file:/Users/miriamthompson/Desktop/DH%20Project/Mallet/pre_revolution/HCS19.txt	0.015151515151515152	0.015151515151515152	0.13636363636363635	0.045454545454545456	0.045454545454545456	0.10606060606060606	0.015151515151515152	0.07575757575757576	0.13636363636363635	0.4090909090909091
105	file:/Users/miriamthompson/Desktop/DH%20Project/Mallet/pre_revolution/HCS25.txt	0.011111111111111112	0.011111111111111112	0.14444444444444443	0.03333333333333333	0.16666666666666666	0.25555555555555554	0.011111111111111112	0.011111111111111112	0.18888888888888888	0.16666666666666666
106	file:/Users/miriamthompson/Desktop/DH%20Project/Mallet/pre_revolution/SKK60.txt	0.125	0.10227272727272728	0.07954545454545454	0.10227272727272728	0.10227272727272728	0.011363636363636364	0.375	0.03409090909090909	0.056818181818181816	0.011363636363636364
107	file:/Users/miriamthompson/Desktop/DH%20Project/Mallet/pre_revolution/SKK6.txt	0.011904761904761904	0.20238095238095238	0.011904761904761904	0.20238095238095238	0.011904761904761904	0.011904761904761904	0.13095238095238096	0.03571428571428571	0.34523809523809523	0.03571428571428571
108	file:/Users/miriamthompson/Desktop/DH%20Project/Mallet/pre_revolution/SKK48.txt	0.06578947368421052	0.06578947368421052	0.013157894736842105	0.039473684210526314	0.039473684210526314	0.013157894736842105	0.25	0.09210526315789473	0.25	0.17105263157894737
109	file:/Users/miriamthompson/Desktop/DH%20Project/Mallet/pre_revolution/SE7.txt	0.14772727272727273	0.125	0.32954545454545453	0.056818181818181816	0.10227272727272728	0.07954545454545454	0.011363636363636364	0.125	0.011363636363636364	0.011363636363636364
110	file:/Users/miriamthompson/Desktop/DH%20Project/Mallet/pre_revolution/SE6.txt	0.3163265306122449	0.01020408163265306	0.09183673469387756	0.01020408163265306	0.1326530612244898	0.07142857142857142	0.01020408163265306	0.05102040816326531	0.15306122448979592	0.15306122448979592
111	file:/Users/miriamthompson/Desktop/DH%20Project/Mallet/pre_revolution/SKK49.txt	0.01020408163265306	0.030612244897959183	0.05102040816326531	0.09183673469387756	0.17346938775510204	0.01020408163265306	0.19387755102040816	0.2755102040816326	0.07142857142857142	0.09183673469387756
112	file:/Users/miriamthompson/Desktop/DH%20Project/Mallet/pre_revolution/SKK61.txt	0.09482758620689655	0.1810344827586207	0.008620689655172414	0.07758620689655173	0.09482758620689655	0.23275862068965517	0.07758620689655173	0.09482758620689655	0.09482758620689655	0.04310344827586207
113	file:/Users/miriamthompson/Desktop/DH%20Project/Mallet/pre_revolution/SKK7.txt	0.09183673469387756	0.09183673469387756	0.01020408163265306	0.05102040816326531	0.030612244897959183	0.09183673469387756	0.09183673469387756	0.19387755102040816	0.19387755102040816	0.15306122448979592
114	file:/Users/miriamthompson/Desktop/DH%20Project/Mallet/pre_revolution/HCS24.txt	0.22115384615384615	0.04807692307692308	0.08653846153846154	0.04807692307692308	0.028846153846153848	0.125	0.04807692307692308	0.25961538461538464	0.08653846153846154	0.04807692307692308
115	file:/Users/miriamthompson/Desktop/DH%20Project/Mallet/pre_revolution/HCS18.txt	0.2073170731707317	0.012195121951219513	0.15853658536585366	0.012195121951219513	0.012195121951219513	0.10975609756097561	0.23170731707317074	0.036585365853658534	0.10975609756097561	0.10975609756097561
116	file:/Users/miriamthompson/Desktop/DH%20Project/Mallet/pre_revolution/HCS20.txt	0.12162162162162163	0.06756756756756757	0.3108108108108108	0.013513513513513514	0.013513513513513514	0.0945945945945946	0.013513513513513514	0.14864864864864866	0.0945945945945946	0.12162162162162163
117	file:/Users/miriamthompson/Desktop/DH%20Project/Mallet/pre_revolution/SKK59.txt	0.39814814814814814	0.08333333333333333	0.17592592592592593	0.009259259259259259	0.1388888888888889	0.1388888888888889	0.009259259259259259	0.009259259259259259	0.027777777777777776	0.009259259259259259
118	file:/Users/miriamthompson/Desktop/DH%20Project/Mallet/pre_revolution/SKK3.txt	0.0603448275862069	0.19827586206896552	0.04310344827586207	0.02586206896551724	0.14655172413793102	0.12931034482758622	0.008620689655172414	0.23275862068965517	0.12931034482758622	0.02586206896551724
119	file:/Users/miriamthompson/Desktop/DH%20Project/Mallet/pre_revolution/SKK65.txt	0.05	0.03	0.03	0.01	0.23	0.07	0.03	0.03	0.11	0.41
120	file:/Users/miriamthompson/Desktop/DH%20Project/Mallet/pre_revolution/SKK71.txt	0.043859649122807015	0.043859649122807015	0.02631578947368421	0.18421052631578946	0.23684210526315788	0.008771929824561403	0.06140350877192982	0.11403508771929824	0.20175438596491227	0.07894736842105263
121	file:/Users/miriamthompson/Desktop/DH%20Project/Mallet/pre_revolution/SE2.txt	0.06944444444444445	0.013888888888888888	0.4027777777777778	0.09722222222222222	0.1527777777777778	0.06944444444444445	0.013888888888888888	0.125	0.013888888888888888	0.041666666666666664
122	file:/Users/miriamthompson/Desktop/DH%20Project/Mallet/pre_revolution/SE3.txt	0.07954545454545454	0.2159090909090909	0.10227272727272728	0.2840909090909091	0.011363636363636364	0.10227272727272728	0.011363636363636364	0.011363636363636364	0.14772727272727273	0.03409090909090909
123	file:/Users/miriamthompson/Desktop/DH%20Project/Mallet/pre_revolution/SKK70.txt	0.09375	0.052083333333333336	0.010416666666666666	0.09375	0.03125	0.3645833333333333	0.010416666666666666	0.3229166666666667	0.010416666666666666	0.010416666666666666
124	file:/Users/miriamthompson/Desktop/DH%20Project/Mallet/pre_revolution/SKK2.txt	0.014705882352941176	0.1323529411764706	0.014705882352941176	0.07352941176470588	0.014705882352941176	0.04411764705882353	0.014705882352941176	0.4264705882352941	0.1323529411764706	0.1323529411764706
125	file:/Users/miriamthompson/Desktop/DH%20Project/Mallet/pre_revolution/SKK64.txt	0.056818181818181816	0.011363636363636364	0.03409090909090909	0.17045454545454544	0.14772727272727273	0.03409090909090909	0.011363636363636364	0.03409090909090909	0.2159090909090909	0.2840909090909091
126	file:/Users/miriamthompson/Desktop/DH%20Project/Mallet/pre_revolution/SKK58.txt	0.2714285714285714	0.15714285714285714	0.15714285714285714	0.014285714285714285	0.07142857142857142	0.07142857142857142	0.014285714285714285	0.15714285714285714	0.04285714285714286	0.04285714285714286
127	file:/Users/miriamthompson/Desktop/DH%20Project/Mallet/pre_revolution/HCS21.txt	0.22972972972972974	0.0945945945945946	0.013513513513513514	0.14864864864864866	0.04054054054054054	0.12162162162162163	0.013513513513513514	0.0945945945945946	0.14864864864864866	0.0945945945945946
128	file:/Users/miriamthompson/Desktop/DH%20Project/Mallet/pre_revolution/HCS23.txt	0.1	0.07777777777777778	0.07777777777777778	0.12222222222222222	0.011111111111111112	0.18888888888888888	0.07777777777777778	0.05555555555555555	0.12222222222222222	0.16666666666666666
129	file:/Users/miriamthompson/Desktop/DH%20Project/Mallet/pre_revolution/SKK66.txt	0.046296296296296294	0.06481481481481481	0.12037037037037036	0.25	0.009259259259259259	0.009259259259259259	0.1574074074074074	0.21296296296296297	0.10185185185185185	0.027777777777777776
130	file:/Users/miriamthompson/Desktop/DH%20Project/Mallet/pre_revolution/SE1.txt	0.13095238095238096	0.13095238095238096	0.25	0.011904761904761904	0.011904761904761904	0.011904761904761904	0.13095238095238096	0.15476190476190477	0.03571428571428571	0.13095238095238096
131	file:/Users/miriamthompson/Desktop/DH%20Project/Mallet/pre_revolution/SKK67.txt	0.03409090909090909	0.056818181818181816	0.10227272727272728	0.07954545454545454	0.14772727272727273	0.011363636363636364	0.32954545454545453	0.2159090909090909	0.011363636363636364	0.011363636363636364
132	file:/Users/miriamthompson/Desktop/DH%20Project/Mallet/pre_revolution/SKK1.txt	0.17045454545454544	0.011363636363636364	0.07954545454545454	0.03409090909090909	0.125	0.011363636363636364	0.03409090909090909	0.3068181818181818	0.056818181818181816	0.17045454545454544
133	file:/Users/miriamthompson/Desktop/DH%20Project/Mallet/pre_revolution/HCS22.txt	0.25510204081632654	0.030612244897959183	0.11224489795918367	0.07142857142857142	0.01020408163265306	0.030612244897959183	0.01020408163265306	0.17346938775510204	0.25510204081632654	0.05102040816326531
