0	file:/Users/miriamthompson/Desktop/DH%20Project/Mallet/post_revolution/MVHD83.txt	0.022522522522522525	0.6711711711711711	0.15765765765765766	0.10360360360360361	0.022522522522522525	0.022522522522522525
1	file:/Users/miriamthompson/Desktop/DH%20Project/Mallet/post_revolution/MVHD97.txt	0.25980392156862747	0.05392156862745098	0.11274509803921569	0.4068627450980392	0.14215686274509803	0.024509803921568627
2	file:/Users/miriamthompson/Desktop/DH%20Project/Mallet/post_revolution/MVHD40.txt	0.2124183006535948	0.2908496732026144	0.34967320261437906	0.05555555555555556	0.05555555555555556	0.03594771241830066
3	file:/Users/miriamthompson/Desktop/DH%20Project/Mallet/post_revolution/MVHD54.txt	0.17407407407407408	0.26296296296296295	0.15185185185185185	0.1074074074074074	0.26296296296296295	0.040740740740740744
4	file:/Users/miriamthompson/Desktop/DH%20Project/Mallet/post_revolution/MVHD68.txt	0.10952380952380952	0.4523809523809524	0.13809523809523808	0.13809523809523808	0.08095238095238096	0.08095238095238096
5	file:/Users/miriamthompson/Desktop/DH%20Project/Mallet/post_revolution/MBS3.txt	0.1638888888888889	0.09722222222222222	0.01388888888888889	0.2138888888888889	0.3138888888888889	0.19722222222222224
6	file:/Users/miriamthompson/Desktop/DH%20Project/Mallet/post_revolution/EHT8.txt	0.20085470085470084	0.611111111111111	0.021367521367521368	0.12393162393162392	0.021367521367521368	0.021367521367521368
7	file:/Users/miriamthompson/Desktop/DH%20Project/Mallet/post_revolution/ESB5.txt	0.10952380952380952	0.08095238095238096	0.13809523809523808	0.19523809523809524	0.4238095238095238	0.05238095238095238
8	file:/Users/miriamthompson/Desktop/DH%20Project/Mallet/post_revolution/EHT63.txt	0.173202614379085	0.03594771241830066	0.09477124183006536	0.15359477124183005	0.09477124183006536	0.44771241830065356
9	file:/Users/miriamthompson/Desktop/DH%20Project/Mallet/post_revolution/EHT77.txt	0.26296296296296295	0.01851851851851852	0.06296296296296297	0.08518518518518518	0.12962962962962962	0.4407407407407407
10	file:/Users/miriamthompson/Desktop/DH%20Project/Mallet/post_revolution/EHT76.txt	0.09126984126984128	0.11507936507936507	0.28174603174603174	0.019841269841269844	0.1388888888888889	0.3531746031746032
11	file:/Users/miriamthompson/Desktop/DH%20Project/Mallet/post_revolution/EHT62.txt	0.21666666666666667	0.016666666666666666	0.09666666666666666	0.016666666666666666	0.03666666666666667	0.6166666666666667
12	file:/Users/miriamthompson/Desktop/DH%20Project/Mallet/post_revolution/ESB4.txt	0.13218390804597702	0.028735632183908046	0.2011494252873563	0.09770114942528736	0.4770114942528736	0.06321839080459771
13	file:/Users/miriamthompson/Desktop/DH%20Project/Mallet/post_revolution/EHT9.txt	0.26296296296296295	0.040740740740740744	0.17407407407407408	0.3074074074074074	0.040740740740740744	0.17407407407407408
14	file:/Users/miriamthompson/Desktop/DH%20Project/Mallet/post_revolution/MBS2.txt	0.173202614379085	0.15359477124183005	0.34967320261437906	0.23202614379084968	0.07516339869281045	0.016339869281045753
15	file:/Users/miriamthompson/Desktop/DH%20Project/Mallet/post_revolution/MVHD69.txt	0.213768115942029	0.2355072463768116	0.10507246376811594	0.14855072463768115	0.213768115942029	0.08333333333333334
16	file:/Users/miriamthompson/Desktop/DH%20Project/Mallet/post_revolution/MVHD55.txt	0.05902777777777778	0.49652777777777773	0.05902777777777778	0.2465277777777778	0.017361111111111112	0.12152777777777778
17	file:/Users/miriamthompson/Desktop/DH%20Project/Mallet/post_revolution/MVHD41.txt	0.02032520325203252	0.4349593495934959	0.06910569105691057	0.02032520325203252	0.26422764227642276	0.19105691056910568
18	file:/Users/miriamthompson/Desktop/DH%20Project/Mallet/post_revolution/MVHD96.txt	0.16666666666666666	0.4523809523809524	0.19523809523809524	0.08095238095238096	0.05238095238095238	0.05238095238095238
19	file:/Users/miriamthompson/Desktop/DH%20Project/Mallet/post_revolution/MVHD82.txt	0.13425925925925924	0.27314814814814814	0.0787037037037037	0.3287037037037037	0.05092592592592593	0.13425925925925924
20	file:/Users/miriamthompson/Desktop/DH%20Project/Mallet/post_revolution/MVHD94.txt	0.021367521367521368	0.2777777777777778	0.32905982905982906	0.07264957264957266	0.20085470085470084	0.09829059829059829
21	file:/Users/miriamthompson/Desktop/DH%20Project/Mallet/post_revolution/MVHD80.txt	0.2777777777777778	0.1752136752136752	0.20085470085470084	0.22649572649572652	0.047008547008547015	0.07264957264957266
22	file:/Users/miriamthompson/Desktop/DH%20Project/Mallet/post_revolution/MVHD57.txt	0.2777777777777778	0.32905982905982906	0.09829059829059829	0.047008547008547015	0.20085470085470084	0.047008547008547015
23	file:/Users/miriamthompson/Desktop/DH%20Project/Mallet/post_revolution/MVHD43.txt	0.04263565891472869	0.3449612403100775	0.13565891472868216	0.43798449612403095	0.01937984496124031	0.01937984496124031
24	file:/Users/miriamthompson/Desktop/DH%20Project/Mallet/post_revolution/ESB6.txt	0.03900709219858156	0.03900709219858156	0.01773049645390071	0.08156028368794327	0.7198581560283689	0.10283687943262411
25	file:/Users/miriamthompson/Desktop/DH%20Project/Mallet/post_revolution/EHT48.txt	0.24621212121212122	0.13257575757575757	0.01893939393939394	0.01893939393939394	0.06439393939393939	0.5189393939393939
26	file:/Users/miriamthompson/Desktop/DH%20Project/Mallet/post_revolution/EHT74.txt	0.12681159420289853	0.06159420289855073	0.12681159420289853	0.06159420289855073	0.08333333333333334	0.5398550724637681
27	file:/Users/miriamthompson/Desktop/DH%20Project/Mallet/post_revolution/EHT60.txt	0.20486111111111113	0.12152777777777778	0.05902777777777778	0.07986111111111112	0.07986111111111112	0.4548611111111111
28	file:/Users/miriamthompson/Desktop/DH%20Project/Mallet/post_revolution/EHT61.txt	0.20085470085470084	0.22649572649572652	0.047008547008547015	0.021367521367521368	0.07264957264957266	0.4316239316239316
29	file:/Users/miriamthompson/Desktop/DH%20Project/Mallet/post_revolution/EHT75.txt	0.03985507246376812	0.08333333333333334	0.10507246376811594	0.2355072463768116	0.018115942028985508	0.5181159420289855
30	file:/Users/miriamthompson/Desktop/DH%20Project/Mallet/post_revolution/EHT49.txt	0.2517730496453901	0.01773049645390071	0.01773049645390071	0.01773049645390071	0.03900709219858156	0.6560283687943262
31	file:/Users/miriamthompson/Desktop/DH%20Project/Mallet/post_revolution/ESB7.txt	0.12411347517730496	0.060283687943262415	0.37943262411347517	0.03900709219858156	0.060283687943262415	0.33687943262411346
32	file:/Users/miriamthompson/Desktop/DH%20Project/Mallet/post_revolution/MBS1.txt	0.07516339869281045	0.03594771241830066	0.2908496732026144	0.3104575163398693	0.2712418300653595	0.016339869281045753
33	file:/Users/miriamthompson/Desktop/DH%20Project/Mallet/post_revolution/MVHD42.txt	0.20075757575757577	0.428030303030303	0.3143939393939394	0.01893939393939394	0.01893939393939394	0.01893939393939394
34	file:/Users/miriamthompson/Desktop/DH%20Project/Mallet/post_revolution/MVHD56.txt	0.13257575757575757	0.268939393939394	0.04166666666666667	0.33712121212121215	0.178030303030303	0.04166666666666667
35	file:/Users/miriamthompson/Desktop/DH%20Project/Mallet/post_revolution/MVHD81.txt	0.08518518518518518	0.24074074074074076	0.040740740740740744	0.48518518518518516	0.06296296296296297	0.08518518518518518
36	file:/Users/miriamthompson/Desktop/DH%20Project/Mallet/post_revolution/MVHD95.txt	0.044715447154471545	0.4593495934959349	0.3617886178861789	0.02032520325203252	0.0934959349593496	0.02032520325203252
37	file:/Users/miriamthompson/Desktop/DH%20Project/Mallet/post_revolution/MVHD91.txt	0.18794326241134754	0.5070921985815603	0.060283687943262415	0.060283687943262415	0.08156028368794327	0.10283687943262411
38	file:/Users/miriamthompson/Desktop/DH%20Project/Mallet/post_revolution/MVHD85.txt	0.34684684684684686	0.15765765765765766	0.26576576576576577	0.07657657657657659	0.04954954954954956	0.10360360360360361
39	file:/Users/miriamthompson/Desktop/DH%20Project/Mallet/post_revolution/MVHD52.txt	0.048245614035087724	0.2850877192982456	0.10087719298245615	0.17982456140350878	0.33771929824561403	0.048245614035087724
40	file:/Users/miriamthompson/Desktop/DH%20Project/Mallet/post_revolution/MVHD46.txt	0.08333333333333334	0.5398550724637681	0.14855072463768115	0.018115942028985508	0.018115942028985508	0.1920289855072464
41	file:/Users/miriamthompson/Desktop/DH%20Project/Mallet/post_revolution/MBS5.txt	0.040740740740740744	0.040740740740740744	0.1962962962962963	0.01851851851851852	0.5962962962962963	0.1074074074074074
42	file:/Users/miriamthompson/Desktop/DH%20Project/Mallet/post_revolution/ESB3.txt	0.061111111111111116	0.061111111111111116	0.061111111111111116	0.1611111111111111	0.5944444444444444	0.061111111111111116
43	file:/Users/miriamthompson/Desktop/DH%20Project/Mallet/post_revolution/EHT71.txt	0.3435374149659864	0.017006802721088437	0.017006802721088437	0.11904761904761904	0.017006802721088437	0.48639455782312924
44	file:/Users/miriamthompson/Desktop/DH%20Project/Mallet/post_revolution/EHT65.txt	0.13565891472868216	0.11240310077519379	0.04263565891472869	0.01937984496124031	0.04263565891472869	0.6472868217054263
45	file:/Users/miriamthompson/Desktop/DH%20Project/Mallet/post_revolution/EHT59.txt	0.10507246376811594	0.12681159420289853	0.06159420289855073	0.018115942028985508	0.12681159420289853	0.5615942028985507
46	file:/Users/miriamthompson/Desktop/DH%20Project/Mallet/post_revolution/EHT58.txt	0.1840277777777778	0.05902777777777778	0.03819444444444445	0.10069444444444443	0.017361111111111112	0.6006944444444444
47	file:/Users/miriamthompson/Desktop/DH%20Project/Mallet/post_revolution/EHT64.txt	0.1553030303030303	0.01893939393939394	0.01893939393939394	0.178030303030303	0.06439393939393939	0.5643939393939393
48	file:/Users/miriamthompson/Desktop/DH%20Project/Mallet/post_revolution/EHT70.txt	0.24621212121212122	0.06439393939393939	0.2234848484848485	0.01893939393939394	0.01893939393939394	0.428030303030303
49	file:/Users/miriamthompson/Desktop/DH%20Project/Mallet/post_revolution/ESB2.txt	0.025252525252525252	0.08585858585858586	0.51010101010101	0.17676767676767677	0.17676767676767677	0.025252525252525252
50	file:/Users/miriamthompson/Desktop/DH%20Project/Mallet/post_revolution/MBS4.txt	0.0782312925170068	0.15986394557823128	0.2414965986394558	0.22108843537414968	0.22108843537414968	0.0782312925170068
51	file:/Users/miriamthompson/Desktop/DH%20Project/Mallet/post_revolution/MVHD47.txt	0.15591397849462366	0.15591397849462366	0.25268817204301075	0.22043010752688172	0.05913978494623656	0.15591397849462366
52	file:/Users/miriamthompson/Desktop/DH%20Project/Mallet/post_revolution/MVHD53.txt	0.02192982456140351	0.25877192982456143	0.23245614035087722	0.02192982456140351	0.44298245614035087	0.02192982456140351
53	file:/Users/miriamthompson/Desktop/DH%20Project/Mallet/post_revolution/MVHD84.txt	0.20486111111111113	0.3090277777777778	0.07986111111111112	0.20486111111111113	0.1423611111111111	0.05902777777777778
54	file:/Users/miriamthompson/Desktop/DH%20Project/Mallet/post_revolution/MVHD90.txt	0.268939393939394	0.24621212121212122	0.20075757575757577	0.08712121212121213	0.08712121212121213	0.10984848484848485
55	file:/Users/miriamthompson/Desktop/DH%20Project/Mallet/post_revolution/MVHD86.txt	0.2851851851851852	0.21851851851851853	0.26296296296296295	0.01851851851851852	0.06296296296296297	0.15185185185185185
56	file:/Users/miriamthompson/Desktop/DH%20Project/Mallet/post_revolution/MVHD92.txt	0.2966666666666667	0.39666666666666667	0.016666666666666666	0.15666666666666665	0.11666666666666665	0.016666666666666666
57	file:/Users/miriamthompson/Desktop/DH%20Project/Mallet/post_revolution/MVHD79.txt	0.376984126984127	0.3531746031746032	0.11507936507936507	0.09126984126984128	0.043650793650793655	0.019841269841269844
58	file:/Users/miriamthompson/Desktop/DH%20Project/Mallet/post_revolution/MVHD45.txt	0.08095238095238096	0.08095238095238096	0.16666666666666666	0.10952380952380952	0.4809523809523809	0.08095238095238096
59	file:/Users/miriamthompson/Desktop/DH%20Project/Mallet/post_revolution/MVHD51.txt	0.047008547008547015	0.07264957264957266	0.30341880341880345	0.32905982905982906	0.20085470085470084	0.047008547008547015
60	file:/Users/miriamthompson/Desktop/DH%20Project/Mallet/post_revolution/EHT66.txt	0.1388888888888889	0.11507936507936507	0.1388888888888889	0.06746031746031747	0.019841269841269844	0.5198412698412698
61	file:/Users/miriamthompson/Desktop/DH%20Project/Mallet/post_revolution/EHT72.txt	0.2673611111111111	0.03819444444444445	0.12152777777777778	0.22569444444444445	0.03819444444444445	0.3090277777777778
62	file:/Users/miriamthompson/Desktop/DH%20Project/Mallet/post_revolution/EHT73.txt	0.10984848484848485	0.10984848484848485	0.04166666666666667	0.06439393939393939	0.06439393939393939	0.6098484848484849
63	file:/Users/miriamthompson/Desktop/DH%20Project/Mallet/post_revolution/EHT67.txt	0.37943262411347517	0.060283687943262415	0.01773049645390071	0.03900709219858156	0.01773049645390071	0.4858156028368794
64	file:/Users/miriamthompson/Desktop/DH%20Project/Mallet/post_revolution/ESB1.txt	0.05555555555555556	0.05555555555555556	0.23737373737373738	0.08585858585858586	0.5404040404040403	0.025252525252525252
65	file:/Users/miriamthompson/Desktop/DH%20Project/Mallet/post_revolution/MVHD50.txt	0.07264957264957266	0.07264957264957266	0.09829059829059829	0.2777777777777778	0.3803418803418804	0.09829059829059829
66	file:/Users/miriamthompson/Desktop/DH%20Project/Mallet/post_revolution/MVHD44.txt	0.08914728682170543	0.1821705426356589	0.06589147286821706	0.3682170542635659	0.22868217054263568	0.06589147286821706
67	file:/Users/miriamthompson/Desktop/DH%20Project/Mallet/post_revolution/MVHD78.txt	0.0787037037037037	0.30092592592592593	0.10648148148148148	0.41203703703703703	0.05092592592592593	0.05092592592592593
68	file:/Users/miriamthompson/Desktop/DH%20Project/Mallet/post_revolution/MVHD93.txt	0.2175925925925926	0.3287037037037037	0.05092592592592593	0.10648148148148148	0.24537037037037038	0.05092592592592593
69	file:/Users/miriamthompson/Desktop/DH%20Project/Mallet/post_revolution/MVHD87.txt	0.11904761904761904	0.4047619047619047	0.03741496598639456	0.2414965986394558	0.09863945578231292	0.09863945578231292
70	file:/Users/miriamthompson/Desktop/DH%20Project/Mallet/post_revolution/ESB15.txt	0.01851851851851852	0.040740740740740744	0.5962962962962963	0.08518518518518518	0.1962962962962963	0.06296296296296297
71	file:/Users/miriamthompson/Desktop/DH%20Project/Mallet/post_revolution/ESB29.txt	0.047008547008547015	0.1752136752136752	0.14957264957264957	0.20085470085470084	0.3547008547008547	0.07264957264957266
72	file:/Users/miriamthompson/Desktop/DH%20Project/Mallet/post_revolution/HRG2.txt	0.18910256410256412	0.2275641025641026	0.05448717948717949	0.05448717948717949	0.3044871794871795	0.16987179487179488
73	file:/Users/miriamthompson/Desktop/DH%20Project/Mallet/post_revolution/MVHD23.txt	0.1388888888888889	0.3531746031746032	0.1865079365079365	0.11507936507936507	0.1626984126984127	0.043650793650793655
74	file:/Users/miriamthompson/Desktop/DH%20Project/Mallet/post_revolution/MVHD37.txt	0.15185185185185185	0.2851851851851852	0.32962962962962966	0.1074074074074074	0.040740740740740744	0.08518518518518518
75	file:/Users/miriamthompson/Desktop/DH%20Project/Mallet/post_revolution/EHT28.txt	0.14855072463768115	0.12681159420289853	0.1920289855072464	0.018115942028985508	0.018115942028985508	0.4963768115942029
76	file:/Users/miriamthompson/Desktop/DH%20Project/Mallet/post_revolution/EHT14.txt	0.08518518518518518	0.17407407407407408	0.15185185185185185	0.4629629629629629	0.08518518518518518	0.040740740740740744
77	file:/Users/miriamthompson/Desktop/DH%20Project/Mallet/post_revolution/MVHD111.txt	0.13565891472868216	0.43798449612403095	0.13565891472868216	0.04263565891472869	0.2054263565891473	0.04263565891472869
78	file:/Users/miriamthompson/Desktop/DH%20Project/Mallet/post_revolution/MVHD105.txt	0.1611111111111111	0.4277777777777778	0.1277777777777778	0.061111111111111116	0.1277777777777778	0.09444444444444446
79	file:/Users/miriamthompson/Desktop/DH%20Project/Mallet/post_revolution/MVHD104.txt	0.3007246376811594	0.27898550724637683	0.06159420289855073	0.213768115942029	0.12681159420289853	0.018115942028985508
80	file:/Users/miriamthompson/Desktop/DH%20Project/Mallet/post_revolution/MVHD110.txt	0.06589147286821706	0.39147286821705424	0.15891472868217055	0.01937984496124031	0.04263565891472869	0.32170542635658916
81	file:/Users/miriamthompson/Desktop/DH%20Project/Mallet/post_revolution/EHT15.txt	0.4047619047619047	0.09863945578231292	0.03741496598639456	0.2619047619047619	0.017006802721088437	0.18027210884353742
82	file:/Users/miriamthompson/Desktop/DH%20Project/Mallet/post_revolution/EHT29.txt	0.12654320987654322	0.0154320987654321	0.10802469135802469	0.03395061728395062	0.10802469135802469	0.6080246913580247
83	file:/Users/miriamthompson/Desktop/DH%20Project/Mallet/post_revolution/MVHD36.txt	0.019841269841269844	0.4484126984126984	0.23412698412698413	0.09126984126984128	0.1388888888888889	0.06746031746031747
84	file:/Users/miriamthompson/Desktop/DH%20Project/Mallet/post_revolution/MVHD22.txt	0.13425925925925924	0.3842592592592593	0.1898148148148148	0.1898148148148148	0.02314814814814815	0.0787037037037037
85	file:/Users/miriamthompson/Desktop/DH%20Project/Mallet/post_revolution/HRG3.txt	0.14855072463768115	0.2355072463768116	0.12681159420289853	0.03985507246376812	0.322463768115942	0.12681159420289853
86	file:/Users/miriamthompson/Desktop/DH%20Project/Mallet/post_revolution/ESB28.txt	0.12962962962962962	0.01851851851851852	0.1962962962962963	0.01851851851851852	0.5518518518518518	0.08518518518518518
87	file:/Users/miriamthompson/Desktop/DH%20Project/Mallet/post_revolution/ESB14.txt	0.11217948717948717	0.035256410256410256	0.47756410256410253	0.05448717948717949	0.3044871794871795	0.016025641025641028
88	file:/Users/miriamthompson/Desktop/DH%20Project/Mallet/post_revolution/ESB16.txt	0.06746031746031747	0.11507936507936507	0.496031746031746	0.11507936507936507	0.1626984126984127	0.043650793650793655
89	file:/Users/miriamthompson/Desktop/DH%20Project/Mallet/post_revolution/HRG1.txt	0.1821705426356589	0.06589147286821706	0.01937984496124031	0.01937984496124031	0.3449612403100775	0.3682170542635659
90	file:/Users/miriamthompson/Desktop/DH%20Project/Mallet/post_revolution/MVHD34.txt	0.08518518518518518	0.5074074074074074	0.1962962962962963	0.040740740740740744	0.01851851851851852	0.15185185185185185
91	file:/Users/miriamthompson/Desktop/DH%20Project/Mallet/post_revolution/MVHD20.txt	0.025252525252525252	0.025252525252525252	0.23737373737373738	0.08585858585858586	0.5707070707070707	0.05555555555555556
92	file:/Users/miriamthompson/Desktop/DH%20Project/Mallet/post_revolution/EHT17.txt	0.3424242424242424	0.1606060606060606	0.1787878787878788	0.0696969696969697	0.015151515151515152	0.23333333333333334
93	file:/Users/miriamthompson/Desktop/DH%20Project/Mallet/post_revolution/MVHD106.txt	0.37745098039215685	0.23039215686274508	0.1715686274509804	0.14215686274509803	0.05392156862745098	0.024509803921568627
94	file:/Users/miriamthompson/Desktop/DH%20Project/Mallet/post_revolution/MVHD112.txt	0.2927927927927928	0.18468468468468469	0.13063063063063063	0.07657657657657659	0.26576576576576577	0.04954954954954956
95	file:/Users/miriamthompson/Desktop/DH%20Project/Mallet/post_revolution/MVHD113.txt	0.12681159420289853	0.12681159420289853	0.1920289855072464	0.322463768115942	0.08333333333333334	0.14855072463768115
96	file:/Users/miriamthompson/Desktop/DH%20Project/Mallet/post_revolution/MVHD107.txt	0.14957264957264957	0.405982905982906	0.09829059829059829	0.07264957264957266	0.12393162393162392	0.14957264957264957
97	file:/Users/miriamthompson/Desktop/DH%20Project/Mallet/post_revolution/EHT16.txt	0.266025641025641	0.2275641025641026	0.2275641025641026	0.16987179487179488	0.016025641025641028	0.09294871794871794
98	file:/Users/miriamthompson/Desktop/DH%20Project/Mallet/post_revolution/MVHD21.txt	0.17982456140350878	0.20614035087719298	0.15350877192982457	0.048245614035087724	0.39035087719298245	0.02192982456140351
99	file:/Users/miriamthompson/Desktop/DH%20Project/Mallet/post_revolution/MVHD35.txt	0.03900709219858156	0.4858156028368794	0.2943262411347518	0.10283687943262411	0.03900709219858156	0.03900709219858156
100	file:/Users/miriamthompson/Desktop/DH%20Project/Mallet/post_revolution/ESB17.txt	0.043650793650793655	0.043650793650793655	0.043650793650793655	0.043650793650793655	0.8055555555555556	0.019841269841269844
101	file:/Users/miriamthompson/Desktop/DH%20Project/Mallet/post_revolution/ESB13.txt	0.04954954954954956	0.04954954954954956	0.26576576576576577	0.13063063063063063	0.3738738738738739	0.13063063063063063
102	file:/Users/miriamthompson/Desktop/DH%20Project/Mallet/post_revolution/HRG4.txt	0.08787878787878788	0.12424242424242424	0.0696969696969697	0.05151515151515152	0.5424242424242424	0.12424242424242424
103	file:/Users/miriamthompson/Desktop/DH%20Project/Mallet/post_revolution/MVHD19.txt	0.22649572649572652	0.1752136752136752	0.20085470085470084	0.09829059829059829	0.25213675213675213	0.047008547008547015
104	file:/Users/miriamthompson/Desktop/DH%20Project/Mallet/post_revolution/MVHD31.txt	0.2927927927927928	0.15765765765765766	0.022522522522522525	0.26576576576576577	0.23873873873873874	0.022522522522522525
105	file:/Users/miriamthompson/Desktop/DH%20Project/Mallet/post_revolution/MVHD25.txt	0.2175925925925926	0.41203703703703703	0.13425925925925924	0.0787037037037037	0.05092592592592593	0.10648148148148148
106	file:/Users/miriamthompson/Desktop/DH%20Project/Mallet/post_revolution/MVHD9.txt	0.01893939393939394	0.2916666666666667	0.04166666666666667	0.2234848484848485	0.24621212121212122	0.178030303030303
107	file:/Users/miriamthompson/Desktop/DH%20Project/Mallet/post_revolution/EHT12.txt	0.18553459119496857	0.110062893081761	0.18553459119496857	0.2610062893081761	0.034591194968553465	0.22327044025157233
108	file:/Users/miriamthompson/Desktop/DH%20Project/Mallet/post_revolution/MVHD103.txt	0.17982456140350878	0.36403508771929827	0.10087719298245615	0.12719298245614033	0.15350877192982457	0.07456140350877194
109	file:/Users/miriamthompson/Desktop/DH%20Project/Mallet/post_revolution/MVHD117.txt	0.10648148148148148	0.4398148148148148	0.05092592592592593	0.10648148148148148	0.2175925925925926	0.0787037037037037
110	file:/Users/miriamthompson/Desktop/DH%20Project/Mallet/post_revolution/MVHD116.txt	0.05092592592592593	0.5231481481481481	0.2175925925925926	0.05092592592592593	0.13425925925925924	0.02314814814814815
111	file:/Users/miriamthompson/Desktop/DH%20Project/Mallet/post_revolution/MVHD102.txt	0.09583333333333334	0.4208333333333333	0.19583333333333333	0.14583333333333331	0.07083333333333333	0.07083333333333333
112	file:/Users/miriamthompson/Desktop/DH%20Project/Mallet/post_revolution/EHT13.txt	0.22868217054263568	0.22868217054263568	0.15891472868217055	0.25193798449612403	0.08914728682170543	0.04263565891472869
113	file:/Users/miriamthompson/Desktop/DH%20Project/Mallet/post_revolution/MVHD8.txt	0.11507936507936507	0.5198412698412698	0.11507936507936507	0.06746031746031747	0.019841269841269844	0.1626984126984127
114	file:/Users/miriamthompson/Desktop/DH%20Project/Mallet/post_revolution/MVHD24.txt	0.21851851851851853	0.24074074074074076	0.24074074074074076	0.06296296296296297	0.17407407407407408	0.06296296296296297
115	file:/Users/miriamthompson/Desktop/DH%20Project/Mallet/post_revolution/MVHD30.txt	0.06159420289855073	0.2355072463768116	0.1920289855072464	0.25724637681159424	0.2355072463768116	0.018115942028985508
116	file:/Users/miriamthompson/Desktop/DH%20Project/Mallet/post_revolution/MVHD18.txt	0.024509803921568627	0.11274509803921569	0.20098039215686272	0.37745098039215685	0.23039215686274508	0.05392156862745098
117	file:/Users/miriamthompson/Desktop/DH%20Project/Mallet/post_revolution/ESB12.txt	0.13945578231292516	0.09863945578231292	0.15986394557823128	0.18027210884353742	0.3843537414965986	0.03741496598639456
118	file:/Users/miriamthompson/Desktop/DH%20Project/Mallet/post_revolution/ESB38.txt	0.04263565891472869	0.01937984496124031	0.25193798449612403	0.06589147286821706	0.6007751937984496	0.01937984496124031
119	file:/Users/miriamthompson/Desktop/DH%20Project/Mallet/post_revolution/ESB10.txt	0.022522522522522525	0.022522522522522525	0.21171171171171171	0.022522522522522525	0.5900900900900901	0.13063063063063063
120	file:/Users/miriamthompson/Desktop/DH%20Project/Mallet/post_revolution/MVHD26.txt	0.09829059829059829	0.48290598290598286	0.047008547008547015	0.2777777777777778	0.07264957264957266	0.021367521367521368
121	file:/Users/miriamthompson/Desktop/DH%20Project/Mallet/post_revolution/MVHD32.txt	0.03819444444444445	0.03819444444444445	0.12152777777777778	0.7048611111111112	0.05902777777777778	0.03819444444444445
122	file:/Users/miriamthompson/Desktop/DH%20Project/Mallet/post_revolution/EHT11.txt	0.05345911949685535	0.05345911949685535	0.14779874213836477	0.4496855345911949	0.09119496855345911	0.20440251572327045
123	file:/Users/miriamthompson/Desktop/DH%20Project/Mallet/post_revolution/EHT39.txt	0.268939393939394	0.01893939393939394	0.08712121212121213	0.06439393939393939	0.01893939393939394	0.5416666666666666
124	file:/Users/miriamthompson/Desktop/DH%20Project/Mallet/post_revolution/MVHD114.txt	0.16666666666666666	0.37943262411347517	0.10283687943262411	0.12411347517730496	0.060283687943262415	0.16666666666666666
125	file:/Users/miriamthompson/Desktop/DH%20Project/Mallet/post_revolution/MVHD100.txt	0.04166666666666667	0.6325757575757576	0.06439393939393939	0.04166666666666667	0.08712121212121213	0.13257575757575757
126	file:/Users/miriamthompson/Desktop/DH%20Project/Mallet/post_revolution/MVHD101.txt	0.1821705426356589	0.3682170542635659	0.04263565891472869	0.32170542635658916	0.06589147286821706	0.01937984496124031
127	file:/Users/miriamthompson/Desktop/DH%20Project/Mallet/post_revolution/MVHD115.txt	0.06547619047619048	0.45833333333333337	0.06547619047619048	0.17261904761904762	0.13690476190476192	0.10119047619047619
128	file:/Users/miriamthompson/Desktop/DH%20Project/Mallet/post_revolution/EHT38.txt	0.24621212121212122	0.1553030303030303	0.08712121212121213	0.01893939393939394	0.04166666666666667	0.45075757575757575
129	file:/Users/miriamthompson/Desktop/DH%20Project/Mallet/post_revolution/EHT10.txt	0.0154320987654321	0.2006172839506173	0.3302469135802469	0.38580246913580246	0.0154320987654321	0.05246913580246914
130	file:/Users/miriamthompson/Desktop/DH%20Project/Mallet/post_revolution/MVHD33.txt	0.10984848484848485	0.45075757575757575	0.04166666666666667	0.3143939393939394	0.06439393939393939	0.01893939393939394
131	file:/Users/miriamthompson/Desktop/DH%20Project/Mallet/post_revolution/MVHD27.txt	0.08518518518518518	0.21851851851851853	0.24074074074074076	0.2851851851851852	0.08518518518518518	0.08518518518518518
132	file:/Users/miriamthompson/Desktop/DH%20Project/Mallet/post_revolution/ESB11.txt	0.08787878787878788	0.08787878787878788	0.3242424242424242	0.21515151515151515	0.2515151515151515	0.03333333333333333
133	file:/Users/miriamthompson/Desktop/DH%20Project/Mallet/post_revolution/ESB39.txt	0.20085470085470084	0.047008547008547015	0.14957264957264957	0.07264957264957266	0.45726495726495725	0.07264957264957266
134	file:/Users/miriamthompson/Desktop/DH%20Project/Mallet/post_revolution/ESB20.txt	0.04166666666666667	0.04166666666666667	0.178030303030303	0.10984848484848485	0.6098484848484849	0.01893939393939394
135	file:/Users/miriamthompson/Desktop/DH%20Project/Mallet/post_revolution/ESB34.txt	0.12654320987654322	0.0154320987654321	0.2932098765432099	0.07098765432098765	0.3672839506172839	0.12654320987654322
136	file:/Users/miriamthompson/Desktop/DH%20Project/Mallet/post_revolution/MVHD16.txt	0.22083333333333335	0.4958333333333333	0.04583333333333334	0.12083333333333332	0.09583333333333334	0.020833333333333336
137	file:/Users/miriamthompson/Desktop/DH%20Project/Mallet/post_revolution/MVHD6.txt	0.02032520325203252	0.4349593495934959	0.19105691056910568	0.11788617886178861	0.21544715447154472	0.02032520325203252
138	file:/Users/miriamthompson/Desktop/DH%20Project/Mallet/post_revolution/EHT21.txt	0.14855072463768115	0.08333333333333334	0.06159420289855073	0.34420289855072467	0.17028985507246377	0.1920289855072464
139	file:/Users/miriamthompson/Desktop/DH%20Project/Mallet/post_revolution/EHT35.txt	0.24074074074074076	0.3074074074074074	0.06296296296296297	0.040740740740740744	0.040740740740740744	0.3074074074074074
140	file:/Users/miriamthompson/Desktop/DH%20Project/Mallet/post_revolution/MVHD118.txt	0.13063063063063063	0.31981981981981983	0.23873873873873874	0.15765765765765766	0.13063063063063063	0.022522522522522525
141	file:/Users/miriamthompson/Desktop/DH%20Project/Mallet/post_revolution/MVHD119.txt	0.021367521367521368	0.405982905982906	0.12393162393162392	0.07264957264957266	0.07264957264957266	0.30341880341880345
142	file:/Users/miriamthompson/Desktop/DH%20Project/Mallet/post_revolution/EHT34.txt	0.35185185185185186	0.06296296296296297	0.12962962962962962	0.01851851851851852	0.17407407407407408	0.26296296296296295
143	file:/Users/miriamthompson/Desktop/DH%20Project/Mallet/post_revolution/EHT20.txt	0.08914728682170543	0.08914728682170543	0.13565891472868216	0.6472868217054263	0.01937984496124031	0.01937984496124031
144	file:/Users/miriamthompson/Desktop/DH%20Project/Mallet/post_revolution/MVHD7.txt	0.11507936507936507	0.4722222222222222	0.11507936507936507	0.09126984126984128	0.019841269841269844	0.1865079365079365
145	file:/Users/miriamthompson/Desktop/DH%20Project/Mallet/post_revolution/MVHD17.txt	0.19105691056910568	0.6056910569105691	0.02032520325203252	0.02032520325203252	0.14227642276422764	0.02032520325203252
146	file:/Users/miriamthompson/Desktop/DH%20Project/Mallet/post_revolution/ESB35.txt	0.17407407407407408	0.08518518518518518	0.21851851851851853	0.040740740740740744	0.4629629629629629	0.01851851851851852
147	file:/Users/miriamthompson/Desktop/DH%20Project/Mallet/post_revolution/ESB21.txt	0.01937984496124031	0.01937984496124031	0.11240310077519379	0.11240310077519379	0.6705426356589147	0.06589147286821706
148	file:/Users/miriamthompson/Desktop/DH%20Project/Mallet/post_revolution/ESB37.txt	0.19523809523809524	0.08095238095238096	0.08095238095238096	0.02380952380952381	0.5380952380952381	0.08095238095238096
149	file:/Users/miriamthompson/Desktop/DH%20Project/Mallet/post_revolution/ESB23.txt	0.2886178861788618	0.11788617886178861	0.23983739837398377	0.0934959349593496	0.23983739837398377	0.02032520325203252
150	file:/Users/miriamthompson/Desktop/DH%20Project/Mallet/post_revolution/MVHD15.txt	0.25724637681159424	0.03985507246376812	0.17028985507246377	0.38768115942028986	0.08333333333333334	0.06159420289855073
151	file:/Users/miriamthompson/Desktop/DH%20Project/Mallet/post_revolution/MVHD29.txt	0.14855072463768115	0.3007246376811594	0.08333333333333334	0.25724637681159424	0.14855072463768115	0.06159420289855073
152	file:/Users/miriamthompson/Desktop/DH%20Project/Mallet/post_revolution/MVHD5.txt	0.15765765765765766	0.022522522522522525	0.18468468468468469	0.23873873873873874	0.34684684684684686	0.04954954954954956
153	file:/Users/miriamthompson/Desktop/DH%20Project/Mallet/post_revolution/EHT36.txt	0.1840277777777778	0.1840277777777778	0.10069444444444443	0.3506944444444444	0.03819444444444445	0.1423611111111111
154	file:/Users/miriamthompson/Desktop/DH%20Project/Mallet/post_revolution/EHT22.txt	0.10606060606060605	0.196969696969697	0.03333333333333333	0.506060606060606	0.0696969696969697	0.08787878787878788
155	file:/Users/miriamthompson/Desktop/DH%20Project/Mallet/post_revolution/EHT23.txt	0.18027210884353742	0.5476190476190476	0.03741496598639456	0.0782312925170068	0.017006802721088437	0.13945578231292516
156	file:/Users/miriamthompson/Desktop/DH%20Project/Mallet/post_revolution/EHT37.txt	0.017006802721088437	0.2414965986394558	0.20068027210884354	0.09863945578231292	0.017006802721088437	0.42517006802721086
157	file:/Users/miriamthompson/Desktop/DH%20Project/Mallet/post_revolution/MVHD4.txt	0.2777777777777778	0.14957264957264957	0.12393162393162392	0.25213675213675213	0.14957264957264957	0.047008547008547015
158	file:/Users/miriamthompson/Desktop/DH%20Project/Mallet/post_revolution/MVHD28.txt	0.12719298245614033	0.15350877192982457	0.02192982456140351	0.2850877192982456	0.39035087719298245	0.02192982456140351
159	file:/Users/miriamthompson/Desktop/DH%20Project/Mallet/post_revolution/MVHD14.txt	0.20440251572327045	0.29874213836477986	0.1289308176100629	0.110062893081761	0.034591194968553465	0.22327044025157233
160	file:/Users/miriamthompson/Desktop/DH%20Project/Mallet/post_revolution/ESB22.txt	0.10507246376811594	0.08333333333333334	0.4746376811594203	0.213768115942029	0.06159420289855073	0.06159420289855073
161	file:/Users/miriamthompson/Desktop/DH%20Project/Mallet/post_revolution/ESB36.txt	0.15185185185185185	0.040740740740740744	0.17407407407407408	0.040740740740740744	0.5518518518518518	0.040740740740740744
162	file:/Users/miriamthompson/Desktop/DH%20Project/Mallet/post_revolution/ESB32.txt	0.16666666666666666	0.02380952380952381	0.13809523809523808	0.02380952380952381	0.6238095238095238	0.02380952380952381
163	file:/Users/miriamthompson/Desktop/DH%20Project/Mallet/post_revolution/ESB26.txt	0.043650793650793655	0.09126984126984128	0.1626984126984127	0.11507936507936507	0.32936507936507936	0.25793650793650796
164	file:/Users/miriamthompson/Desktop/DH%20Project/Mallet/post_revolution/MVHD38.txt	0.035256410256410256	0.5352564102564102	0.266025641025641	0.035256410256410256	0.07371794871794872	0.05448717948717949
165	file:/Users/miriamthompson/Desktop/DH%20Project/Mallet/post_revolution/MVHD10.txt	0.07264957264957266	0.14957264957264957	0.047008547008547015	0.48290598290598286	0.07264957264957266	0.1752136752136752
166	file:/Users/miriamthompson/Desktop/DH%20Project/Mallet/post_revolution/EHT33.txt	0.040740740740740744	0.1074074074074074	0.5074074074074074	0.040740740740740744	0.06296296296296297	0.24074074074074076
167	file:/Users/miriamthompson/Desktop/DH%20Project/Mallet/post_revolution/EHT27.txt	0.18910256410256412	0.15064102564102563	0.15064102564102563	0.07371794871794872	0.016025641025641028	0.4198717948717948
168	file:/Users/miriamthompson/Desktop/DH%20Project/Mallet/post_revolution/EHT26.txt	0.1821705426356589	0.2054263565891473	0.01937984496124031	0.11240310077519379	0.13565891472868216	0.3449612403100775
169	file:/Users/miriamthompson/Desktop/DH%20Project/Mallet/post_revolution/EHT32.txt	0.04166666666666667	0.268939393939394	0.3143939393939394	0.178030303030303	0.01893939393939394	0.178030303030303
170	file:/Users/miriamthompson/Desktop/DH%20Project/Mallet/post_revolution/MVHD1.txt	0.10984848484848485	0.10984848484848485	0.1553030303030303	0.3143939393939394	0.2916666666666667	0.01893939393939394
171	file:/Users/miriamthompson/Desktop/DH%20Project/Mallet/post_revolution/MVHD11.txt	0.09444444444444446	0.1277777777777778	0.09444444444444446	0.4277777777777778	0.19444444444444445	0.061111111111111116
172	file:/Users/miriamthompson/Desktop/DH%20Project/Mallet/post_revolution/MVHD39.txt	0.14855072463768115	0.2355072463768116	0.43115942028985504	0.12681159420289853	0.018115942028985508	0.03985507246376812
173	file:/Users/miriamthompson/Desktop/DH%20Project/Mallet/post_revolution/ESB27.txt	0.09444444444444446	0.02777777777777778	0.09444444444444446	0.1277777777777778	0.6277777777777778	0.02777777777777778
174	file:/Users/miriamthompson/Desktop/DH%20Project/Mallet/post_revolution/ESB33.txt	0.0934959349593496	0.11788617886178861	0.48373983739837395	0.06910569105691057	0.21544715447154472	0.02032520325203252
175	file:/Users/miriamthompson/Desktop/DH%20Project/Mallet/post_revolution/ESB19.txt	0.14506172839506173	0.03395061728395062	0.2006172839506173	0.08950617283950617	0.45987654320987653	0.07098765432098765
176	file:/Users/miriamthompson/Desktop/DH%20Project/Mallet/post_revolution/ESB25.txt	0.03594771241830066	0.016339869281045753	0.23202614379084968	0.07516339869281045	0.03594771241830066	0.6045751633986928
177	file:/Users/miriamthompson/Desktop/DH%20Project/Mallet/post_revolution/ESB31.txt	0.06910569105691057	0.14227642276422764	0.2886178861788618	0.11788617886178861	0.3617886178861789	0.02032520325203252
178	file:/Users/miriamthompson/Desktop/DH%20Project/Mallet/post_revolution/MVHD13.txt	0.06589147286821706	0.25193798449612403	0.06589147286821706	0.32170542635658916	0.1821705426356589	0.11240310077519379
179	file:/Users/miriamthompson/Desktop/DH%20Project/Mallet/post_revolution/MVHD3.txt	0.34803921568627455	0.20098039215686272	0.28921568627450983	0.11274509803921569	0.024509803921568627	0.024509803921568627
180	file:/Users/miriamthompson/Desktop/DH%20Project/Mallet/post_revolution/EHT24.txt	0.11507936507936507	0.3531746031746032	0.09126984126984128	0.1626984126984127	0.1388888888888889	0.1388888888888889
181	file:/Users/miriamthompson/Desktop/DH%20Project/Mallet/post_revolution/EHT30.txt	0.07666666666666667	0.13666666666666666	0.27666666666666667	0.05666666666666667	0.016666666666666666	0.43666666666666665
182	file:/Users/miriamthompson/Desktop/DH%20Project/Mallet/post_revolution/EHT18.txt	0.16666666666666666	0.18794326241134754	0.18794326241134754	0.23049645390070922	0.060283687943262415	0.16666666666666666
183	file:/Users/miriamthompson/Desktop/DH%20Project/Mallet/post_revolution/MVHD121.txt	0.11979166666666667	0.08854166666666667	0.026041666666666668	0.21354166666666666	0.5260416666666666	0.026041666666666668
184	file:/Users/miriamthompson/Desktop/DH%20Project/Mallet/post_revolution/MVHD109.txt	0.22777777777777777	0.5611111111111111	0.09444444444444446	0.02777777777777778	0.02777777777777778	0.061111111111111116
185	file:/Users/miriamthompson/Desktop/DH%20Project/Mallet/post_revolution/MVHD108.txt	0.1865079365079365	0.496031746031746	0.21031746031746032	0.019841269841269844	0.019841269841269844	0.06746031746031747
186	file:/Users/miriamthompson/Desktop/DH%20Project/Mallet/post_revolution/MVHD120.txt	0.09829059829059829	0.14957264957264957	0.25213675213675213	0.25213675213675213	0.12393162393162392	0.12393162393162392
187	file:/Users/miriamthompson/Desktop/DH%20Project/Mallet/post_revolution/EHT19.txt	0.23333333333333334	0.396969696969697	0.12424242424242424	0.12424242424242424	0.03333333333333333	0.08787878787878788
188	file:/Users/miriamthompson/Desktop/DH%20Project/Mallet/post_revolution/EHT31.txt	0.11904761904761904	0.0782312925170068	0.30272108843537415	0.2414965986394558	0.017006802721088437	0.2414965986394558
189	file:/Users/miriamthompson/Desktop/DH%20Project/Mallet/post_revolution/EHT25.txt	0.11507936507936507	0.21031746031746032	0.09126984126984128	0.4246031746031746	0.043650793650793655	0.11507936507936507
190	file:/Users/miriamthompson/Desktop/DH%20Project/Mallet/post_revolution/MVHD2.txt	0.14957264957264957	0.021367521367521368	0.20085470085470084	0.2777777777777778	0.25213675213675213	0.09829059829059829
191	file:/Users/miriamthompson/Desktop/DH%20Project/Mallet/post_revolution/MVHD12.txt	0.048245614035087724	0.23245614035087722	0.12719298245614033	0.31140350877192985	0.25877192982456143	0.02192982456140351
192	file:/Users/miriamthompson/Desktop/DH%20Project/Mallet/post_revolution/ESB30.txt	0.05238095238095238	0.05238095238095238	0.10952380952380952	0.05238095238095238	0.6523809523809524	0.08095238095238096
193	file:/Users/miriamthompson/Desktop/DH%20Project/Mallet/post_revolution/ESB24.txt	0.2878787878787879	0.015151515151515152	0.48787878787878786	0.05151515151515152	0.03333333333333333	0.12424242424242424
194	file:/Users/miriamthompson/Desktop/DH%20Project/Mallet/post_revolution/ESB18.txt	0.17083333333333334	0.04583333333333334	0.17083333333333334	0.020833333333333336	0.5208333333333333	0.07083333333333333
195	file:/Users/miriamthompson/Desktop/DH%20Project/Mallet/post_revolution/MVHD61.txt	0.09829059829059829	0.25213675213675213	0.12393162393162392	0.22649572649572652	0.22649572649572652	0.07264957264957266
