0	file:/Users/miriamthompson/Desktop/DH%20Project/Mallet/post_revolution/MVHD83.txt	0.11486486486486487	0.19594594594594594	0.6554054054054054	0.033783783783783786
1	file:/Users/miriamthompson/Desktop/DH%20Project/Mallet/post_revolution/MVHD97.txt	0.2426470588235294	0.21323529411764705	0.33088235294117646	0.21323529411764705
2	file:/Users/miriamthompson/Desktop/DH%20Project/Mallet/post_revolution/MVHD40.txt	0.14215686274509803	0.5735294117647058	0.18137254901960784	0.10294117647058823
3	file:/Users/miriamthompson/Desktop/DH%20Project/Mallet/post_revolution/MVHD54.txt	0.25	0.40555555555555556	0.05	0.29444444444444445
4	file:/Users/miriamthompson/Desktop/DH%20Project/Mallet/post_revolution/MVHD68.txt	0.6071428571428571	0.03571428571428571	0.17857142857142858	0.17857142857142858
5	file:/Users/miriamthompson/Desktop/DH%20Project/Mallet/post_revolution/MBS3.txt	0.10416666666666667	0.45416666666666666	0.10416666666666667	0.3375
6	file:/Users/miriamthompson/Desktop/DH%20Project/Mallet/post_revolution/EHT8.txt	0.03205128205128205	0.03205128205128205	0.6987179487179487	0.23717948717948717
7	file:/Users/miriamthompson/Desktop/DH%20Project/Mallet/post_revolution/ESB5.txt	0.2357142857142857	0.32142857142857145	0.32142857142857145	0.12142857142857143
8	file:/Users/miriamthompson/Desktop/DH%20Project/Mallet/post_revolution/EHT63.txt	0.18137254901960784	0.3382352941176471	0.06372549019607843	0.4166666666666667
9	file:/Users/miriamthompson/Desktop/DH%20Project/Mallet/post_revolution/EHT77.txt	0.09444444444444444	0.29444444444444445	0.42777777777777776	0.18333333333333332
10	file:/Users/miriamthompson/Desktop/DH%20Project/Mallet/post_revolution/EHT76.txt	0.31547619047619047	0.19642857142857142	0.24404761904761904	0.24404761904761904
11	file:/Users/miriamthompson/Desktop/DH%20Project/Mallet/post_revolution/EHT62.txt	0.045	0.065	0.465	0.425
12	file:/Users/miriamthompson/Desktop/DH%20Project/Mallet/post_revolution/ESB4.txt	0.04310344827586207	0.45689655172413796	0.21551724137931033	0.28448275862068967
13	file:/Users/miriamthompson/Desktop/DH%20Project/Mallet/post_revolution/EHT9.txt	0.18333333333333332	0.18333333333333332	0.40555555555555556	0.22777777777777777
14	file:/Users/miriamthompson/Desktop/DH%20Project/Mallet/post_revolution/MBS2.txt	0.08333333333333333	0.16176470588235295	0.6519607843137255	0.10294117647058823
15	file:/Users/miriamthompson/Desktop/DH%20Project/Mallet/post_revolution/MVHD69.txt	0.30978260869565216	0.07065217391304347	0.1358695652173913	0.483695652173913
16	file:/Users/miriamthompson/Desktop/DH%20Project/Mallet/post_revolution/MVHD55.txt	0.4427083333333333	0.06770833333333333	0.4635416666666667	0.026041666666666668
17	file:/Users/miriamthompson/Desktop/DH%20Project/Mallet/post_revolution/MVHD41.txt	0.3231707317073171	0.1524390243902439	0.42073170731707316	0.10365853658536585
18	file:/Users/miriamthompson/Desktop/DH%20Project/Mallet/post_revolution/MVHD96.txt	0.20714285714285716	0.17857142857142858	0.4642857142857143	0.15
19	file:/Users/miriamthompson/Desktop/DH%20Project/Mallet/post_revolution/MVHD82.txt	0.034722222222222224	0.14583333333333334	0.5347222222222222	0.2847222222222222
20	file:/Users/miriamthompson/Desktop/DH%20Project/Mallet/post_revolution/MVHD94.txt	0.4423076923076923	0.10897435897435898	0.16025641025641027	0.28846153846153844
21	file:/Users/miriamthompson/Desktop/DH%20Project/Mallet/post_revolution/MVHD80.txt	0.33974358974358976	0.03205128205128205	0.33974358974358976	0.28846153846153844
22	file:/Users/miriamthompson/Desktop/DH%20Project/Mallet/post_revolution/MVHD57.txt	0.36538461538461536	0.3141025641025641	0.1858974358974359	0.1346153846153846
23	file:/Users/miriamthompson/Desktop/DH%20Project/Mallet/post_revolution/MVHD43.txt	0.4941860465116279	0.14534883720930233	0.2616279069767442	0.09883720930232558
24	file:/Users/miriamthompson/Desktop/DH%20Project/Mallet/post_revolution/ESB6.txt	0.17553191489361702	0.7074468085106383	0.09042553191489362	0.026595744680851064
25	file:/Users/miriamthompson/Desktop/DH%20Project/Mallet/post_revolution/EHT48.txt	0.028409090909090908	0.09659090909090909	0.5738636363636364	0.30113636363636365
26	file:/Users/miriamthompson/Desktop/DH%20Project/Mallet/post_revolution/EHT74.txt	0.04891304347826087	0.11413043478260869	0.46195652173913043	0.375
27	file:/Users/miriamthompson/Desktop/DH%20Project/Mallet/post_revolution/EHT60.txt	0.06770833333333333	0.19270833333333334	0.21354166666666666	0.5260416666666666
28	file:/Users/miriamthompson/Desktop/DH%20Project/Mallet/post_revolution/EHT61.txt	0.1858974358974359	0.10897435897435898	0.4166666666666667	0.28846153846153844
29	file:/Users/miriamthompson/Desktop/DH%20Project/Mallet/post_revolution/EHT75.txt	0.33152173913043476	0.1358695652173913	0.20108695652173914	0.33152173913043476
30	file:/Users/miriamthompson/Desktop/DH%20Project/Mallet/post_revolution/EHT49.txt	0.13297872340425532	0.17553191489361702	0.34574468085106386	0.34574468085106386
31	file:/Users/miriamthompson/Desktop/DH%20Project/Mallet/post_revolution/ESB7.txt	0.15425531914893617	0.21808510638297873	0.13297872340425532	0.4946808510638298
32	file:/Users/miriamthompson/Desktop/DH%20Project/Mallet/post_revolution/MBS1.txt	0.06372549019607843	0.6323529411764706	0.22058823529411764	0.08333333333333333
33	file:/Users/miriamthompson/Desktop/DH%20Project/Mallet/post_revolution/MVHD42.txt	0.1875	0.21022727272727273	0.5284090909090909	0.07386363636363637
34	file:/Users/miriamthompson/Desktop/DH%20Project/Mallet/post_revolution/MVHD56.txt	0.39204545454545453	0.16477272727272727	0.39204545454545453	0.05113636363636364
35	file:/Users/miriamthompson/Desktop/DH%20Project/Mallet/post_revolution/MVHD81.txt	0.31666666666666665	0.16111111111111112	0.31666666666666665	0.20555555555555555
36	file:/Users/miriamthompson/Desktop/DH%20Project/Mallet/post_revolution/MVHD95.txt	0.5670731707317073	0.1524390243902439	0.10365853658536585	0.17682926829268292
37	file:/Users/miriamthompson/Desktop/DH%20Project/Mallet/post_revolution/MVHD91.txt	0.4946808510638298	0.21808510638297873	0.13297872340425532	0.15425531914893617
38	file:/Users/miriamthompson/Desktop/DH%20Project/Mallet/post_revolution/MVHD85.txt	0.3310810810810811	0.033783783783783786	0.4391891891891892	0.19594594594594594
39	file:/Users/miriamthompson/Desktop/DH%20Project/Mallet/post_revolution/MVHD52.txt	0.3223684210526316	0.3223684210526316	0.24342105263157895	0.1118421052631579
40	file:/Users/miriamthompson/Desktop/DH%20Project/Mallet/post_revolution/MVHD46.txt	0.1793478260869565	0.04891304347826087	0.44021739130434784	0.33152173913043476
41	file:/Users/miriamthompson/Desktop/DH%20Project/Mallet/post_revolution/MBS5.txt	0.1388888888888889	0.6055555555555555	0.07222222222222222	0.18333333333333332
42	file:/Users/miriamthompson/Desktop/DH%20Project/Mallet/post_revolution/ESB3.txt	0.24166666666666667	0.5416666666666666	0.175	0.041666666666666664
43	file:/Users/miriamthompson/Desktop/DH%20Project/Mallet/post_revolution/EHT71.txt	0.0663265306122449	0.08673469387755102	0.4744897959183674	0.37244897959183676
44	file:/Users/miriamthompson/Desktop/DH%20Project/Mallet/post_revolution/EHT65.txt	0.3081395348837209	0.1686046511627907	0.19186046511627908	0.3313953488372093
45	file:/Users/miriamthompson/Desktop/DH%20Project/Mallet/post_revolution/EHT59.txt	0.1793478260869565	0.20108695652173914	0.24456521739130435	0.375
46	file:/Users/miriamthompson/Desktop/DH%20Project/Mallet/post_revolution/EHT58.txt	0.15104166666666666	0.3177083333333333	0.13020833333333334	0.4010416666666667
47	file:/Users/miriamthompson/Desktop/DH%20Project/Mallet/post_revolution/EHT64.txt	0.1875	0.23295454545454544	0.23295454545454544	0.3465909090909091
48	file:/Users/miriamthompson/Desktop/DH%20Project/Mallet/post_revolution/EHT70.txt	0.07386363636363637	0.21022727272727273	0.32386363636363635	0.39204545454545453
49	file:/Users/miriamthompson/Desktop/DH%20Project/Mallet/post_revolution/ESB2.txt	0.1893939393939394	0.4318181818181818	0.2196969696969697	0.1590909090909091
50	file:/Users/miriamthompson/Desktop/DH%20Project/Mallet/post_revolution/MBS4.txt	0.29081632653061223	0.25	0.27040816326530615	0.18877551020408162
51	file:/Users/miriamthompson/Desktop/DH%20Project/Mallet/post_revolution/MVHD47.txt	0.3629032258064516	0.20161290322580644	0.1693548387096774	0.2661290322580645
52	file:/Users/miriamthompson/Desktop/DH%20Project/Mallet/post_revolution/MVHD53.txt	0.4276315789473684	0.1118421052631579	0.05921052631578947	0.40131578947368424
53	file:/Users/miriamthompson/Desktop/DH%20Project/Mallet/post_revolution/MVHD84.txt	0.171875	0.2552083333333333	0.359375	0.21354166666666666
54	file:/Users/miriamthompson/Desktop/DH%20Project/Mallet/post_revolution/MVHD90.txt	0.3465909090909091	0.3465909090909091	0.14204545454545456	0.16477272727272727
55	file:/Users/miriamthompson/Desktop/DH%20Project/Mallet/post_revolution/MVHD86.txt	0.07222222222222222	0.18333333333333332	0.5611111111111111	0.18333333333333332
56	file:/Users/miriamthompson/Desktop/DH%20Project/Mallet/post_revolution/MVHD92.txt	0.385	0.085	0.465	0.065
57	file:/Users/miriamthompson/Desktop/DH%20Project/Mallet/post_revolution/MVHD79.txt	0.3869047619047619	0.05357142857142857	0.43452380952380953	0.125
58	file:/Users/miriamthompson/Desktop/DH%20Project/Mallet/post_revolution/MVHD45.txt	0.20714285714285716	0.6071428571428571	0.03571428571428571	0.15
59	file:/Users/miriamthompson/Desktop/DH%20Project/Mallet/post_revolution/MVHD51.txt	0.057692307692307696	0.4166666666666667	0.23717948717948717	0.28846153846153844
60	file:/Users/miriamthompson/Desktop/DH%20Project/Mallet/post_revolution/EHT66.txt	0.05357142857142857	0.22023809523809523	0.19642857142857142	0.5297619047619048
61	file:/Users/miriamthompson/Desktop/DH%20Project/Mallet/post_revolution/EHT72.txt	0.08854166666666667	0.15104166666666666	0.296875	0.4635416666666667
62	file:/Users/miriamthompson/Desktop/DH%20Project/Mallet/post_revolution/EHT73.txt	0.14204545454545456	0.16477272727272727	0.2556818181818182	0.4375
63	file:/Users/miriamthompson/Desktop/DH%20Project/Mallet/post_revolution/EHT67.txt	0.21808510638297873	0.047872340425531915	0.324468085106383	0.4095744680851064
64	file:/Users/miriamthompson/Desktop/DH%20Project/Mallet/post_revolution/ESB1.txt	0.03787878787878788	0.4621212121212121	0.2803030303030303	0.2196969696969697
65	file:/Users/miriamthompson/Desktop/DH%20Project/Mallet/post_revolution/MVHD50.txt	0.46794871794871795	0.16025641025641027	0.23717948717948717	0.1346153846153846
66	file:/Users/miriamthompson/Desktop/DH%20Project/Mallet/post_revolution/MVHD44.txt	0.23837209302325582	0.28488372093023256	0.3313953488372093	0.14534883720930233
67	file:/Users/miriamthompson/Desktop/DH%20Project/Mallet/post_revolution/MVHD78.txt	0.5625	0.1736111111111111	0.1736111111111111	0.09027777777777778
68	file:/Users/miriamthompson/Desktop/DH%20Project/Mallet/post_revolution/MVHD93.txt	0.2847222222222222	0.1736111111111111	0.3125	0.22916666666666666
69	file:/Users/miriamthompson/Desktop/DH%20Project/Mallet/post_revolution/MVHD87.txt	0.29081632653061223	0.18877551020408162	0.3112244897959184	0.20918367346938777
70	file:/Users/miriamthompson/Desktop/DH%20Project/Mallet/post_revolution/ESB15.txt	0.22777777777777777	0.5833333333333334	0.027777777777777776	0.16111111111111112
71	file:/Users/miriamthompson/Desktop/DH%20Project/Mallet/post_revolution/ESB29.txt	0.4935897435897436	0.36538461538461536	0.08333333333333333	0.057692307692307696
72	file:/Users/miriamthompson/Desktop/DH%20Project/Mallet/post_revolution/HRG2.txt	0.21634615384615385	0.3317307692307692	0.3317307692307692	0.1201923076923077
73	file:/Users/miriamthompson/Desktop/DH%20Project/Mallet/post_revolution/MVHD23.txt	0.07738095238095238	0.17261904761904762	0.5297619047619048	0.22023809523809523
74	file:/Users/miriamthompson/Desktop/DH%20Project/Mallet/post_revolution/MVHD37.txt	0.2722222222222222	0.027777777777777776	0.6277777777777778	0.07222222222222222
75	file:/Users/miriamthompson/Desktop/DH%20Project/Mallet/post_revolution/EHT28.txt	0.22282608695652173	0.09239130434782608	0.3532608695652174	0.33152173913043476
76	file:/Users/miriamthompson/Desktop/DH%20Project/Mallet/post_revolution/EHT14.txt	0.6722222222222223	0.18333333333333332	0.027777777777777776	0.11666666666666667
77	file:/Users/miriamthompson/Desktop/DH%20Project/Mallet/post_revolution/MVHD111.txt	0.28488372093023256	0.21511627906976744	0.3313953488372093	0.1686046511627907
78	file:/Users/miriamthompson/Desktop/DH%20Project/Mallet/post_revolution/MVHD105.txt	0.30833333333333335	0.075	0.275	0.3416666666666667
79	file:/Users/miriamthompson/Desktop/DH%20Project/Mallet/post_revolution/MVHD104.txt	0.46195652173913043	0.09239130434782608	0.30978260869565216	0.1358695652173913
80	file:/Users/miriamthompson/Desktop/DH%20Project/Mallet/post_revolution/MVHD110.txt	0.12209302325581395	0.14534883720930233	0.37790697674418605	0.3546511627906977
81	file:/Users/miriamthompson/Desktop/DH%20Project/Mallet/post_revolution/EHT15.txt	0.20918367346938777	0.10714285714285714	0.4336734693877551	0.25
82	file:/Users/miriamthompson/Desktop/DH%20Project/Mallet/post_revolution/EHT29.txt	0.1712962962962963	0.18981481481481483	0.041666666666666664	0.5972222222222222
83	file:/Users/miriamthompson/Desktop/DH%20Project/Mallet/post_revolution/MVHD36.txt	0.5297619047619048	0.1488095238095238	0.05357142857142857	0.26785714285714285
84	file:/Users/miriamthompson/Desktop/DH%20Project/Mallet/post_revolution/MVHD22.txt	0.1736111111111111	0.14583333333333334	0.2847222222222222	0.3958333333333333
85	file:/Users/miriamthompson/Desktop/DH%20Project/Mallet/post_revolution/HRG3.txt	0.1358695652173913	0.30978260869565216	0.483695652173913	0.07065217391304347
86	file:/Users/miriamthompson/Desktop/DH%20Project/Mallet/post_revolution/ESB28.txt	0.11666666666666667	0.4722222222222222	0.11666666666666667	0.29444444444444445
87	file:/Users/miriamthompson/Desktop/DH%20Project/Mallet/post_revolution/ESB14.txt	0.1201923076923077	0.5817307692307693	0.21634615384615385	0.08173076923076923
88	file:/Users/miriamthompson/Desktop/DH%20Project/Mallet/post_revolution/ESB16.txt	0.2916666666666667	0.3869047619047619	0.10119047619047619	0.22023809523809523
89	file:/Users/miriamthompson/Desktop/DH%20Project/Mallet/post_revolution/HRG1.txt	0.37790697674418605	0.23837209302325582	0.21511627906976744	0.1686046511627907
90	file:/Users/miriamthompson/Desktop/DH%20Project/Mallet/post_revolution/MVHD34.txt	0.29444444444444445	0.07222222222222222	0.25	0.38333333333333336
91	file:/Users/miriamthompson/Desktop/DH%20Project/Mallet/post_revolution/MVHD20.txt	0.09848484848484848	0.6742424242424242	0.12878787878787878	0.09848484848484848
92	file:/Users/miriamthompson/Desktop/DH%20Project/Mallet/post_revolution/EHT17.txt	0.1318181818181818	0.05909090909090909	0.5136363636363637	0.29545454545454547
93	file:/Users/miriamthompson/Desktop/DH%20Project/Mallet/post_revolution/MVHD106.txt	0.18382352941176472	0.15441176470588236	0.41911764705882354	0.2426470588235294
94	file:/Users/miriamthompson/Desktop/DH%20Project/Mallet/post_revolution/MVHD112.txt	0.30405405405405406	0.25	0.3581081081081081	0.08783783783783784
95	file:/Users/miriamthompson/Desktop/DH%20Project/Mallet/post_revolution/MVHD113.txt	0.266304347826087	0.375	0.15760869565217392	0.20108695652173914
96	file:/Users/miriamthompson/Desktop/DH%20Project/Mallet/post_revolution/MVHD107.txt	0.1346153846153846	0.08333333333333333	0.46794871794871795	0.3141025641025641
97	file:/Users/miriamthompson/Desktop/DH%20Project/Mallet/post_revolution/EHT16.txt	0.23557692307692307	0.08173076923076923	0.35096153846153844	0.3317307692307692
98	file:/Users/miriamthompson/Desktop/DH%20Project/Mallet/post_revolution/MVHD21.txt	0.19078947368421054	0.4276315789473684	0.26973684210526316	0.1118421052631579
99	file:/Users/miriamthompson/Desktop/DH%20Project/Mallet/post_revolution/MVHD35.txt	0.3670212765957447	0.13297872340425532	0.30319148936170215	0.19680851063829788
100	file:/Users/miriamthompson/Desktop/DH%20Project/Mallet/post_revolution/ESB17.txt	0.05357142857142857	0.8392857142857143	0.02976190476190476	0.07738095238095238
101	file:/Users/miriamthompson/Desktop/DH%20Project/Mallet/post_revolution/ESB13.txt	0.25	0.5472972972972973	0.14189189189189189	0.060810810810810814
102	file:/Users/miriamthompson/Desktop/DH%20Project/Mallet/post_revolution/HRG4.txt	0.022727272727272728	0.4409090909090909	0.31363636363636366	0.22272727272727272
103	file:/Users/miriamthompson/Desktop/DH%20Project/Mallet/post_revolution/MVHD19.txt	0.21153846153846154	0.26282051282051283	0.1858974358974359	0.33974358974358976
104	file:/Users/miriamthompson/Desktop/DH%20Project/Mallet/post_revolution/MVHD31.txt	0.7094594594594594	0.14189189189189189	0.08783783783783784	0.060810810810810814
105	file:/Users/miriamthompson/Desktop/DH%20Project/Mallet/post_revolution/MVHD25.txt	0.1736111111111111	0.034722222222222224	0.5069444444444444	0.2847222222222222
106	file:/Users/miriamthompson/Desktop/DH%20Project/Mallet/post_revolution/MVHD9.txt	0.3465909090909091	0.4375	0.09659090909090909	0.11931818181818182
107	file:/Users/miriamthompson/Desktop/DH%20Project/Mallet/post_revolution/EHT12.txt	0.08018867924528301	0.06132075471698113	0.5330188679245284	0.32547169811320753
108	file:/Users/miriamthompson/Desktop/DH%20Project/Mallet/post_revolution/MVHD103.txt	0.5328947368421053	0.21710526315789475	0.21710526315789475	0.03289473684210526
109	file:/Users/miriamthompson/Desktop/DH%20Project/Mallet/post_revolution/MVHD117.txt	0.2013888888888889	0.2569444444444444	0.2847222222222222	0.2569444444444444
110	file:/Users/miriamthompson/Desktop/DH%20Project/Mallet/post_revolution/MVHD116.txt	0.3958333333333333	0.0625	0.3125	0.22916666666666666
111	file:/Users/miriamthompson/Desktop/DH%20Project/Mallet/post_revolution/MVHD102.txt	0.30625	0.05625	0.48125	0.15625
112	file:/Users/miriamthompson/Desktop/DH%20Project/Mallet/post_revolution/EHT13.txt	0.4941860465116279	0.09883720930232558	0.09883720930232558	0.3081395348837209
113	file:/Users/miriamthompson/Desktop/DH%20Project/Mallet/post_revolution/MVHD8.txt	0.6964285714285714	0.05357142857142857	0.1488095238095238	0.10119047619047619
114	file:/Users/miriamthompson/Desktop/DH%20Project/Mallet/post_revolution/MVHD24.txt	0.18333333333333332	0.20555555555555555	0.3388888888888889	0.2722222222222222
115	file:/Users/miriamthompson/Desktop/DH%20Project/Mallet/post_revolution/MVHD30.txt	0.6141304347826086	0.15760869565217392	0.11413043478260869	0.11413043478260869
116	file:/Users/miriamthompson/Desktop/DH%20Project/Mallet/post_revolution/MVHD18.txt	0.21323529411764705	0.27205882352941174	0.2426470588235294	0.27205882352941174
117	file:/Users/miriamthompson/Desktop/DH%20Project/Mallet/post_revolution/ESB12.txt	0.20918367346938777	0.4744897959183674	0.1683673469387755	0.14795918367346939
118	file:/Users/miriamthompson/Desktop/DH%20Project/Mallet/post_revolution/ESB38.txt	0.21511627906976744	0.6337209302325582	0.0755813953488372	0.0755813953488372
119	file:/Users/miriamthompson/Desktop/DH%20Project/Mallet/post_revolution/ESB10.txt	0.033783783783783786	0.7094594594594594	0.060810810810810814	0.19594594594594594
120	file:/Users/miriamthompson/Desktop/DH%20Project/Mallet/post_revolution/MVHD26.txt	0.4166666666666667	0.1346153846153846	0.391025641025641	0.057692307692307696
121	file:/Users/miriamthompson/Desktop/DH%20Project/Mallet/post_revolution/MVHD32.txt	0.7552083333333334	0.08854166666666667	0.13020833333333334	0.026041666666666668
122	file:/Users/miriamthompson/Desktop/DH%20Project/Mallet/post_revolution/EHT11.txt	0.19339622641509435	0.13679245283018868	0.28773584905660377	0.38207547169811323
123	file:/Users/miriamthompson/Desktop/DH%20Project/Mallet/post_revolution/EHT39.txt	0.14204545454545456	0.05113636363636364	0.21022727272727273	0.5965909090909091
124	file:/Users/miriamthompson/Desktop/DH%20Project/Mallet/post_revolution/MVHD114.txt	0.15425531914893617	0.11170212765957446	0.28191489361702127	0.4521276595744681
125	file:/Users/miriamthompson/Desktop/DH%20Project/Mallet/post_revolution/MVHD100.txt	0.32386363636363635	0.2556818181818182	0.21022727272727273	0.21022727272727273
126	file:/Users/miriamthompson/Desktop/DH%20Project/Mallet/post_revolution/MVHD101.txt	0.6337209302325582	0.0755813953488372	0.19186046511627908	0.09883720930232558
127	file:/Users/miriamthompson/Desktop/DH%20Project/Mallet/post_revolution/MVHD115.txt	0.08035714285714286	0.1875	0.4732142857142857	0.25892857142857145
128	file:/Users/miriamthompson/Desktop/DH%20Project/Mallet/post_revolution/EHT38.txt	0.16477272727272727	0.11931818181818182	0.2784090909090909	0.4375
129	file:/Users/miriamthompson/Desktop/DH%20Project/Mallet/post_revolution/EHT10.txt	0.2638888888888889	0.023148148148148147	0.24537037037037038	0.4675925925925926
130	file:/Users/miriamthompson/Desktop/DH%20Project/Mallet/post_revolution/MVHD33.txt	0.6420454545454546	0.09659090909090909	0.1875	0.07386363636363637
131	file:/Users/miriamthompson/Desktop/DH%20Project/Mallet/post_revolution/MVHD27.txt	0.3388888888888889	0.22777777777777777	0.22777777777777777	0.20555555555555555
132	file:/Users/miriamthompson/Desktop/DH%20Project/Mallet/post_revolution/ESB11.txt	0.2409090909090909	0.2409090909090909	0.15	0.36818181818181817
133	file:/Users/miriamthompson/Desktop/DH%20Project/Mallet/post_revolution/ESB39.txt	0.10897435897435898	0.7756410256410257	0.08333333333333333	0.03205128205128205
134	file:/Users/miriamthompson/Desktop/DH%20Project/Mallet/post_revolution/ESB20.txt	0.11931818181818182	0.7102272727272727	0.14204545454545456	0.028409090909090908
135	file:/Users/miriamthompson/Desktop/DH%20Project/Mallet/post_revolution/ESB34.txt	0.33796296296296297	0.4675925925925926	0.06018518518518518	0.13425925925925927
136	file:/Users/miriamthompson/Desktop/DH%20Project/Mallet/post_revolution/MVHD16.txt	0.33125	0.08125	0.35625	0.23125
137	file:/Users/miriamthompson/Desktop/DH%20Project/Mallet/post_revolution/MVHD6.txt	0.29878048780487804	0.29878048780487804	0.25	0.1524390243902439
138	file:/Users/miriamthompson/Desktop/DH%20Project/Mallet/post_revolution/EHT21.txt	0.3532608695652174	0.1793478260869565	0.3532608695652174	0.11413043478260869
139	file:/Users/miriamthompson/Desktop/DH%20Project/Mallet/post_revolution/EHT35.txt	0.25	0.1388888888888889	0.20555555555555555	0.40555555555555556
140	file:/Users/miriamthompson/Desktop/DH%20Project/Mallet/post_revolution/MVHD118.txt	0.08783783783783784	0.22297297297297297	0.30405405405405406	0.38513513513513514
141	file:/Users/miriamthompson/Desktop/DH%20Project/Mallet/post_revolution/MVHD119.txt	0.16025641025641027	0.16025641025641027	0.28846153846153844	0.391025641025641
142	file:/Users/miriamthompson/Desktop/DH%20Project/Mallet/post_revolution/EHT34.txt	0.20555555555555555	0.22777777777777777	0.29444444444444445	0.2722222222222222
143	file:/Users/miriamthompson/Desktop/DH%20Project/Mallet/post_revolution/EHT20.txt	0.5406976744186046	0.05232558139534884	0.0755813953488372	0.3313953488372093
144	file:/Users/miriamthompson/Desktop/DH%20Project/Mallet/post_revolution/MVHD7.txt	0.7202380952380952	0.05357142857142857	0.17261904761904762	0.05357142857142857
145	file:/Users/miriamthompson/Desktop/DH%20Project/Mallet/post_revolution/MVHD17.txt	0.3231707317073171	0.12804878048780488	0.4695121951219512	0.07926829268292683
146	file:/Users/miriamthompson/Desktop/DH%20Project/Mallet/post_revolution/ESB35.txt	0.29444444444444445	0.5166666666666667	0.11666666666666667	0.07222222222222222
147	file:/Users/miriamthompson/Desktop/DH%20Project/Mallet/post_revolution/ESB21.txt	0.0755813953488372	0.7034883720930233	0.14534883720930233	0.0755813953488372
148	file:/Users/miriamthompson/Desktop/DH%20Project/Mallet/post_revolution/ESB37.txt	0.09285714285714286	0.2642857142857143	0.5785714285714286	0.06428571428571428
149	file:/Users/miriamthompson/Desktop/DH%20Project/Mallet/post_revolution/ESB23.txt	0.17682926829268292	0.25	0.29878048780487804	0.27439024390243905
150	file:/Users/miriamthompson/Desktop/DH%20Project/Mallet/post_revolution/MVHD15.txt	0.22282608695652173	0.375	0.266304347826087	0.1358695652173913
151	file:/Users/miriamthompson/Desktop/DH%20Project/Mallet/post_revolution/MVHD29.txt	0.5489130434782609	0.09239130434782608	0.1793478260869565	0.1793478260869565
152	file:/Users/miriamthompson/Desktop/DH%20Project/Mallet/post_revolution/MVHD5.txt	0.3581081081081081	0.3581081081081081	0.16891891891891891	0.11486486486486487
153	file:/Users/miriamthompson/Desktop/DH%20Project/Mallet/post_revolution/EHT36.txt	0.13020833333333334	0.08854166666666667	0.3385416666666667	0.4427083333333333
154	file:/Users/miriamthompson/Desktop/DH%20Project/Mallet/post_revolution/EHT22.txt	0.4954545454545455	0.022727272727272728	0.2409090909090909	0.2409090909090909
155	file:/Users/miriamthompson/Desktop/DH%20Project/Mallet/post_revolution/EHT23.txt	0.18877551020408162	0.04591836734693878	0.3112244897959184	0.45408163265306123
156	file:/Users/miriamthompson/Desktop/DH%20Project/Mallet/post_revolution/EHT37.txt	0.14795918367346939	0.12755102040816327	0.27040816326530615	0.45408163265306123
157	file:/Users/miriamthompson/Desktop/DH%20Project/Mallet/post_revolution/MVHD4.txt	0.36538461538461536	0.1346153846153846	0.4423076923076923	0.057692307692307696
158	file:/Users/miriamthompson/Desktop/DH%20Project/Mallet/post_revolution/MVHD28.txt	0.45394736842105265	0.16447368421052633	0.34868421052631576	0.03289473684210526
159	file:/Users/miriamthompson/Desktop/DH%20Project/Mallet/post_revolution/MVHD14.txt	0.08018867924528301	0.1179245283018868	0.49528301886792453	0.30660377358490565
160	file:/Users/miriamthompson/Desktop/DH%20Project/Mallet/post_revolution/ESB22.txt	0.30978260869565216	0.30978260869565216	0.266304347826087	0.11413043478260869
161	file:/Users/miriamthompson/Desktop/DH%20Project/Mallet/post_revolution/ESB36.txt	0.40555555555555556	0.3388888888888889	0.11666666666666667	0.1388888888888889
162	file:/Users/miriamthompson/Desktop/DH%20Project/Mallet/post_revolution/ESB32.txt	0.09285714285714286	0.55	0.17857142857142858	0.17857142857142858
163	file:/Users/miriamthompson/Desktop/DH%20Project/Mallet/post_revolution/ESB26.txt	0.22023809523809523	0.10119047619047619	0.2916666666666667	0.3869047619047619
164	file:/Users/miriamthompson/Desktop/DH%20Project/Mallet/post_revolution/MVHD38.txt	0.3894230769230769	0.02403846153846154	0.5048076923076923	0.08173076923076923
165	file:/Users/miriamthompson/Desktop/DH%20Project/Mallet/post_revolution/MVHD10.txt	0.5961538461538461	0.23717948717948717	0.10897435897435898	0.057692307692307696
166	file:/Users/miriamthompson/Desktop/DH%20Project/Mallet/post_revolution/EHT33.txt	0.11666666666666667	0.25	0.25	0.38333333333333336
167	file:/Users/miriamthompson/Desktop/DH%20Project/Mallet/post_revolution/EHT27.txt	0.10096153846153846	0.3701923076923077	0.15865384615384615	0.3701923076923077
168	file:/Users/miriamthompson/Desktop/DH%20Project/Mallet/post_revolution/EHT26.txt	0.14534883720930233	0.09883720930232558	0.3546511627906977	0.4011627906976744
169	file:/Users/miriamthompson/Desktop/DH%20Project/Mallet/post_revolution/EHT32.txt	0.1875	0.07386363636363637	0.09659090909090909	0.6420454545454546
170	file:/Users/miriamthompson/Desktop/DH%20Project/Mallet/post_revolution/MVHD1.txt	0.2784090909090909	0.3465909090909091	0.21022727272727273	0.16477272727272727
171	file:/Users/miriamthompson/Desktop/DH%20Project/Mallet/post_revolution/MVHD11.txt	0.4083333333333333	0.275	0.24166666666666667	0.075
172	file:/Users/miriamthompson/Desktop/DH%20Project/Mallet/post_revolution/MVHD39.txt	0.5054347826086957	0.09239130434782608	0.02717391304347826	0.375
173	file:/Users/miriamthompson/Desktop/DH%20Project/Mallet/post_revolution/ESB27.txt	0.175	0.5416666666666666	0.10833333333333334	0.175
174	file:/Users/miriamthompson/Desktop/DH%20Project/Mallet/post_revolution/ESB33.txt	0.3231707317073171	0.39634146341463417	0.1524390243902439	0.12804878048780488
175	file:/Users/miriamthompson/Desktop/DH%20Project/Mallet/post_revolution/ESB19.txt	0.0787037037037037	0.30092592592592593	0.2824074074074074	0.33796296296296297
176	file:/Users/miriamthompson/Desktop/DH%20Project/Mallet/post_revolution/ESB25.txt	0.25980392156862747	0.10294117647058823	0.4166666666666667	0.22058823529411764
177	file:/Users/miriamthompson/Desktop/DH%20Project/Mallet/post_revolution/ESB31.txt	0.1524390243902439	0.39634146341463417	0.27439024390243905	0.17682926829268292
178	file:/Users/miriamthompson/Desktop/DH%20Project/Mallet/post_revolution/MVHD13.txt	0.4476744186046512	0.14534883720930233	0.3081395348837209	0.09883720930232558
179	file:/Users/miriamthompson/Desktop/DH%20Project/Mallet/post_revolution/MVHD3.txt	0.27205882352941174	0.125	0.21323529411764705	0.3897058823529412
180	file:/Users/miriamthompson/Desktop/DH%20Project/Mallet/post_revolution/EHT24.txt	0.19642857142857142	0.3392857142857143	0.26785714285714285	0.19642857142857142
181	file:/Users/miriamthompson/Desktop/DH%20Project/Mallet/post_revolution/EHT30.txt	0.065	0.065	0.265	0.605
182	file:/Users/miriamthompson/Desktop/DH%20Project/Mallet/post_revolution/EHT18.txt	0.047872340425531915	0.047872340425531915	0.4095744680851064	0.4946808510638298
183	file:/Users/miriamthompson/Desktop/DH%20Project/Mallet/post_revolution/MVHD121.txt	0.1015625	0.3515625	0.3515625	0.1953125
184	file:/Users/miriamthompson/Desktop/DH%20Project/Mallet/post_revolution/MVHD109.txt	0.4083333333333333	0.075	0.275	0.24166666666666667
185	file:/Users/miriamthompson/Desktop/DH%20Project/Mallet/post_revolution/MVHD108.txt	0.3392857142857143	0.125	0.2916666666666667	0.24404761904761904
186	file:/Users/miriamthompson/Desktop/DH%20Project/Mallet/post_revolution/MVHD120.txt	0.23717948717948717	0.03205128205128205	0.4935897435897436	0.23717948717948717
187	file:/Users/miriamthompson/Desktop/DH%20Project/Mallet/post_revolution/EHT19.txt	0.2772727272727273	0.04090909090909091	0.4409090909090909	0.2409090909090909
188	file:/Users/miriamthompson/Desktop/DH%20Project/Mallet/post_revolution/EHT31.txt	0.27040816326530615	0.18877551020408162	0.18877551020408162	0.3520408163265306
189	file:/Users/miriamthompson/Desktop/DH%20Project/Mallet/post_revolution/EHT25.txt	0.19642857142857142	0.19642857142857142	0.43452380952380953	0.17261904761904762
190	file:/Users/miriamthompson/Desktop/DH%20Project/Mallet/post_revolution/MVHD2.txt	0.26282051282051283	0.33974358974358976	0.10897435897435898	0.28846153846153844
191	file:/Users/miriamthompson/Desktop/DH%20Project/Mallet/post_revolution/MVHD12.txt	0.45394736842105265	0.375	0.08552631578947369	0.08552631578947369
192	file:/Users/miriamthompson/Desktop/DH%20Project/Mallet/post_revolution/ESB30.txt	0.17857142857142858	0.6071428571428571	0.12142857142857143	0.09285714285714286
193	file:/Users/miriamthompson/Desktop/DH%20Project/Mallet/post_revolution/ESB24.txt	0.16818181818181818	0.2590909090909091	0.20454545454545456	0.36818181818181817
194	file:/Users/miriamthompson/Desktop/DH%20Project/Mallet/post_revolution/ESB18.txt	0.10625	0.68125	0.13125	0.08125
195	file:/Users/miriamthompson/Desktop/DH%20Project/Mallet/post_revolution/MVHD61.txt	0.1858974358974359	0.23717948717948717	0.4935897435897436	0.08333333333333333
196	file:/Users/miriamthompson/Desktop/DH%20Project/Mallet/post_revolution/MVHD75.txt	0.5902777777777778	0.2847222222222222	0.0625	0.0625
197	file:/Users/miriamthompson/Desktop/DH%20Project/Mallet/post_revolution/MVHD49.txt	0.22023809523809523	0.24404761904761904	0.24404761904761904	0.2916666666666667
198	file:/Users/miriamthompson/Desktop/DH%20Project/Mallet/post_revolution/EHT1.txt	0.205	0.105	0.485	0.205
199	file:/Users/miriamthompson/Desktop/DH%20Project/Mallet/post_revolution/EHT42.txt	0.03289473684210526	0.24342105263157895	0.29605263157894735	0.4276315789473684
200	file:/Users/miriamthompson/Desktop/DH%20Project/Mallet/post_revolution/EHT56.txt	0.21634615384615385	0.21634615384615385	0.10096153846153846	0.46634615384615385
201	file:/Users/miriamthompson/Desktop/DH%20Project/Mallet/post_revolution/EHT57.txt	0.1318181818181818	0.11363636363636363	0.42272727272727273	0.33181818181818185
202	file:/Users/miriamthompson/Desktop/DH%20Project/Mallet/post_revolution/EHT43.txt	0.21808510638297873	0.11170212765957446	0.4734042553191489	0.19680851063829788
203	file:/Users/miriamthompson/Desktop/DH%20Project/Mallet/post_revolution/MVHD48.txt	0.07926829268292683	0.10365853658536585	0.49390243902439024	0.3231707317073171
204	file:/Users/miriamthompson/Desktop/DH%20Project/Mallet/post_revolution/MVHD74.txt	0.22023809523809523	0.2916666666666667	0.3869047619047619	0.10119047619047619
205	file:/Users/miriamthompson/Desktop/DH%20Project/Mallet/post_revolution/MVHD60.txt	0.16447368421052633	0.4276315789473684	0.3223684210526316	0.08552631578947369
206	file:/Users/miriamthompson/Desktop/DH%20Project/Mallet/post_revolution/ESB40.txt	0.30978260869565216	0.483695652173913	0.02717391304347826	0.1793478260869565
207	file:/Users/miriamthompson/Desktop/DH%20Project/Mallet/post_revolution/MVHD89.txt	0.375	0.1118421052631579	0.34868421052631576	0.16447368421052633
208	file:/Users/miriamthompson/Desktop/DH%20Project/Mallet/post_revolution/MVHD76.txt	0.5416666666666666	0.20833333333333334	0.041666666666666664	0.20833333333333334
209	file:/Users/miriamthompson/Desktop/DH%20Project/Mallet/post_revolution/MVHD62.txt	0.08333333333333333	0.3141025641025641	0.4935897435897436	0.10897435897435898
210	file:/Users/miriamthompson/Desktop/DH%20Project/Mallet/post_revolution/EHT2.txt	0.1793478260869565	0.11413043478260869	0.30978260869565216	0.3967391304347826
211	file:/Users/miriamthompson/Desktop/DH%20Project/Mallet/post_revolution/EHT69.txt	0.31547619047619047	0.07738095238095238	0.19642857142857142	0.4107142857142857
212	file:/Users/miriamthompson/Desktop/DH%20Project/Mallet/post_revolution/EHT55.txt	0.24537037037037038	0.1527777777777778	0.2638888888888889	0.33796296296296297
213	file:/Users/miriamthompson/Desktop/DH%20Project/Mallet/post_revolution/EHT41.txt	0.125	0.125	0.3392857142857143	0.4107142857142857
214	file:/Users/miriamthompson/Desktop/DH%20Project/Mallet/post_revolution/EHT40.txt	0.028409090909090908	0.11931818181818182	0.30113636363636365	0.5511363636363636
215	file:/Users/miriamthompson/Desktop/DH%20Project/Mallet/post_revolution/EHT54.txt	0.234375	0.234375	0.234375	0.296875
216	file:/Users/miriamthompson/Desktop/DH%20Project/Mallet/post_revolution/EHT68.txt	0.065	0.105	0.465	0.365
217	file:/Users/miriamthompson/Desktop/DH%20Project/Mallet/post_revolution/EHT3.txt	0.11413043478260869	0.30978260869565216	0.30978260869565216	0.266304347826087
218	file:/Users/miriamthompson/Desktop/DH%20Project/Mallet/post_revolution/MVHD63.txt	0.17261904761904762	0.22023809523809523	0.4107142857142857	0.19642857142857142
219	file:/Users/miriamthompson/Desktop/DH%20Project/Mallet/post_revolution/MVHD77.txt	0.41216216216216217	0.060810810810810814	0.14189189189189189	0.38513513513513514
220	file:/Users/miriamthompson/Desktop/DH%20Project/Mallet/post_revolution/MVHD88.txt	0.3869047619047619	0.24404761904761904	0.2916666666666667	0.07738095238095238
221	file:/Users/miriamthompson/Desktop/DH%20Project/Mallet/post_revolution/MVHD98.txt	0.35625	0.13125	0.18125	0.33125
222	file:/Users/miriamthompson/Desktop/DH%20Project/Mallet/post_revolution/MVHD73.txt	0.17261904761904762	0.17261904761904762	0.3630952380952381	0.2916666666666667
223	file:/Users/miriamthompson/Desktop/DH%20Project/Mallet/post_revolution/MVHD67.txt	0.29081632653061223	0.10714285714285714	0.4336734693877551	0.1683673469387755
224	file:/Users/miriamthompson/Desktop/DH%20Project/Mallet/post_revolution/EHT7.txt	0.205	0.065	0.445	0.285
225	file:/Users/miriamthompson/Desktop/DH%20Project/Mallet/post_revolution/EHT50.txt	0.11805555555555555	0.11805555555555555	0.4236111111111111	0.3402777777777778
226	file:/Users/miriamthompson/Desktop/DH%20Project/Mallet/post_revolution/EHT44.txt	0.04411764705882353	0.14215686274509803	0.45588235294117646	0.35784313725490197
227	file:/Users/miriamthompson/Desktop/DH%20Project/Mallet/post_revolution/EHT45.txt	0.08018867924528301	0.13679245283018868	0.28773584905660377	0.49528301886792453
228	file:/Users/miriamthompson/Desktop/DH%20Project/Mallet/post_revolution/EHT51.txt	0.296875	0.046875	0.171875	0.484375
229	file:/Users/miriamthompson/Desktop/DH%20Project/Mallet/post_revolution/EHT6.txt	0.245	0.205	0.325	0.225
230	file:/Users/miriamthompson/Desktop/DH%20Project/Mallet/post_revolution/MVHD66.txt	0.2357142857142857	0.17857142857142858	0.37857142857142856	0.20714285714285716
231	file:/Users/miriamthompson/Desktop/DH%20Project/Mallet/post_revolution/MVHD72.txt	0.5073529411764706	0.0661764705882353	0.3014705882352941	0.125
232	file:/Users/miriamthompson/Desktop/DH%20Project/Mallet/post_revolution/MVHD99.txt	0.20714285714285716	0.06428571428571428	0.5214285714285715	0.20714285714285716
233	file:/Users/miriamthompson/Desktop/DH%20Project/Mallet/post_revolution/MVHD58.txt	0.5797872340425532	0.06914893617021277	0.26063829787234044	0.09042553191489362
234	file:/Users/miriamthompson/Desktop/DH%20Project/Mallet/post_revolution/MVHD64.txt	0.4583333333333333	0.17261904761904762	0.3392857142857143	0.02976190476190476
235	file:/Users/miriamthompson/Desktop/DH%20Project/Mallet/post_revolution/MVHD70.txt	0.1686046511627907	0.21511627906976744	0.3313953488372093	0.28488372093023256
236	file:/Users/miriamthompson/Desktop/DH%20Project/Mallet/post_revolution/ESB9.txt	0.09883720930232558	0.19186046511627908	0.21511627906976744	0.4941860465116279
237	file:/Users/miriamthompson/Desktop/DH%20Project/Mallet/post_revolution/EHT4.txt	0.21354166666666666	0.026041666666666668	0.5885416666666666	0.171875
238	file:/Users/miriamthompson/Desktop/DH%20Project/Mallet/post_revolution/EHT47.txt	0.10294117647058823	0.14215686274509803	0.27941176470588236	0.47549019607843135
239	file:/Users/miriamthompson/Desktop/DH%20Project/Mallet/post_revolution/EHT53.txt	0.18877551020408162	0.1683673469387755	0.04591836734693878	0.5969387755102041
240	file:/Users/miriamthompson/Desktop/DH%20Project/Mallet/post_revolution/EHT52.txt	0.296875	0.15104166666666666	0.3385416666666667	0.21354166666666666
241	file:/Users/miriamthompson/Desktop/DH%20Project/Mallet/post_revolution/EHT46.txt	0.31666666666666665	0.09444444444444444	0.20555555555555555	0.38333333333333336
242	file:/Users/miriamthompson/Desktop/DH%20Project/Mallet/post_revolution/EHT5.txt	0.21022727272727273	0.32386363636363635	0.14204545454545456	0.32386363636363635
243	file:/Users/miriamthompson/Desktop/DH%20Project/Mallet/post_revolution/ESB8.txt	0.11170212765957446	0.09042553191489362	0.28191489361702127	0.5159574468085106
244	file:/Users/miriamthompson/Desktop/DH%20Project/Mallet/post_revolution/MVHD71.txt	0.3141025641025641	0.21153846153846154	0.23717948717948717	0.23717948717948717
245	file:/Users/miriamthompson/Desktop/DH%20Project/Mallet/post_revolution/MVHD65.txt	0.49489795918367346	0.025510204081632654	0.37244897959183676	0.10714285714285714
246	file:/Users/miriamthompson/Desktop/DH%20Project/Mallet/post_revolution/MVHD59.txt	0.21153846153846154	0.03205128205128205	0.6474358974358975	0.10897435897435898
