0	file:/Users/miriamthompson/Desktop/DH%20Project/Mallet/post_revolution/MVHD83.txt	0.08974358974358974	0.16666666666666666	0.01282051282051282	0.19230769230769232	0.01282051282051282	0.11538461538461539	0.16666666666666666	0.01282051282051282	0.01282051282051282	0.21794871794871795
1	file:/Users/miriamthompson/Desktop/DH%20Project/Mallet/post_revolution/MVHD97.txt	0.1	0.07142857142857142	0.014285714285714285	0.18571428571428572	0.18571428571428572	0.04285714285714286	0.1	0.07142857142857142	0.12857142857142856	0.1
2	file:/Users/miriamthompson/Desktop/DH%20Project/Mallet/post_revolution/MVHD40.txt	0.029411764705882353	0.24509803921568626	0.00980392156862745	0.20588235294117646	0.08823529411764706	0.029411764705882353	0.24509803921568626	0.00980392156862745	0.029411764705882353	0.10784313725490197
3	file:/Users/miriamthompson/Desktop/DH%20Project/Mallet/post_revolution/MVHD54.txt	0.010869565217391304	0.25	0.010869565217391304	0.07608695652173914	0.14130434782608695	0.010869565217391304	0.16304347826086957	0.03260869565217391	0.20652173913043478	0.09782608695652174
4	file:/Users/miriamthompson/Desktop/DH%20Project/Mallet/post_revolution/MVHD68.txt	0.04285714285714286	0.014285714285714285	0.04285714285714286	0.014285714285714285	0.3	0.1	0.24285714285714285	0.1	0.014285714285714285	0.12857142857142856
5	file:/Users/miriamthompson/Desktop/DH%20Project/Mallet/post_revolution/MBS3.txt	0.075	0.10833333333333334	0.14166666666666666	0.041666666666666664	0.275	0.19166666666666668	0.008333333333333333	0.125	0.025	0.008333333333333333
6	file:/Users/miriamthompson/Desktop/DH%20Project/Mallet/post_revolution/EHT8.txt	0.038461538461538464	0.14102564102564102	0.01282051282051282	0.0641025641025641	0.038461538461538464	0.2692307692307692	0.3717948717948718	0.038461538461538464	0.01282051282051282	0.01282051282051282
7	file:/Users/miriamthompson/Desktop/DH%20Project/Mallet/post_revolution/ESB5.txt	0.014285714285714285	0.2714285714285714	0.014285714285714285	0.1	0.014285714285714285	0.014285714285714285	0.12857142857142856	0.07142857142857142	0.35714285714285715	0.014285714285714285
8	file:/Users/miriamthompson/Desktop/DH%20Project/Mallet/post_revolution/EHT63.txt	0.3235294117647059	0.00980392156862745	0.12745098039215685	0.029411764705882353	0.00980392156862745	0.18627450980392157	0.06862745098039216	0.06862745098039216	0.12745098039215685	0.049019607843137254
9	file:/Users/miriamthompson/Desktop/DH%20Project/Mallet/post_revolution/EHT77.txt	0.011111111111111112	0.03333333333333333	0.23333333333333334	0.011111111111111112	0.23333333333333334	0.16666666666666666	0.011111111111111112	0.03333333333333333	0.18888888888888888	0.07777777777777778
10	file:/Users/miriamthompson/Desktop/DH%20Project/Mallet/post_revolution/EHT76.txt	0.10465116279069768	0.2441860465116279	0.3372093023255814	0.011627906976744186	0.1511627906976744	0.05813953488372093	0.011627906976744186	0.011627906976744186	0.011627906976744186	0.05813953488372093
11	file:/Users/miriamthompson/Desktop/DH%20Project/Mallet/post_revolution/EHT62.txt	0.125	0.009615384615384616	0.25961538461538464	0.009615384615384616	0.125	0.0673076923076923	0.125	0.125	0.04807692307692308	0.10576923076923077
12	file:/Users/miriamthompson/Desktop/DH%20Project/Mallet/post_revolution/ESB4.txt	0.017241379310344827	0.46551724137931033	0.08620689655172414	0.017241379310344827	0.1206896551724138	0.017241379310344827	0.1206896551724138	0.017241379310344827	0.1206896551724138	0.017241379310344827
13	file:/Users/miriamthompson/Desktop/DH%20Project/Mallet/post_revolution/EHT9.txt	0.23333333333333334	0.011111111111111112	0.011111111111111112	0.011111111111111112	0.25555555555555554	0.03333333333333333	0.25555555555555554	0.1	0.07777777777777778	0.011111111111111112
14	file:/Users/miriamthompson/Desktop/DH%20Project/Mallet/post_revolution/MBS2.txt	0.22549019607843138	0.029411764705882353	0.08823529411764706	0.10784313725490197	0.12745098039215685	0.12745098039215685	0.14705882352941177	0.049019607843137254	0.049019607843137254	0.049019607843137254
15	file:/Users/miriamthompson/Desktop/DH%20Project/Mallet/post_revolution/MVHD69.txt	0.03260869565217391	0.11956521739130435	0.010869565217391304	0.11956521739130435	0.07608695652173914	0.25	0.010869565217391304	0.05434782608695652	0.16304347826086957	0.16304347826086957
16	file:/Users/miriamthompson/Desktop/DH%20Project/Mallet/post_revolution/MVHD55.txt	0.07291666666666667	0.07291666666666667	0.03125	0.11458333333333333	0.010416666666666666	0.010416666666666666	0.052083333333333336	0.23958333333333334	0.010416666666666666	0.3854166666666667
17	file:/Users/miriamthompson/Desktop/DH%20Project/Mallet/post_revolution/MVHD41.txt	0.012195121951219513	0.23170731707317074	0.06097560975609756	0.10975609756097561	0.08536585365853659	0.2804878048780488	0.012195121951219513	0.036585365853658534	0.012195121951219513	0.15853658536585366
18	file:/Users/miriamthompson/Desktop/DH%20Project/Mallet/post_revolution/MVHD96.txt	0.014285714285714285	0.15714285714285714	0.04285714285714286	0.21428571428571427	0.04285714285714286	0.04285714285714286	0.32857142857142857	0.014285714285714285	0.04285714285714286	0.1
19	file:/Users/miriamthompson/Desktop/DH%20Project/Mallet/post_revolution/MVHD82.txt	0.1527777777777778	0.013888888888888888	0.041666666666666664	0.041666666666666664	0.09722222222222222	0.041666666666666664	0.18055555555555555	0.013888888888888888	0.2361111111111111	0.18055555555555555
20	file:/Users/miriamthompson/Desktop/DH%20Project/Mallet/post_revolution/MVHD94.txt	0.038461538461538464	0.16666666666666666	0.038461538461538464	0.24358974358974358	0.038461538461538464	0.01282051282051282	0.0641025641025641	0.11538461538461539	0.0641025641025641	0.21794871794871795
21	file:/Users/miriamthompson/Desktop/DH%20Project/Mallet/post_revolution/MVHD80.txt	0.0641025641025641	0.01282051282051282	0.01282051282051282	0.32051282051282054	0.08974358974358974	0.038461538461538464	0.08974358974358974	0.16666666666666666	0.038461538461538464	0.16666666666666666
22	file:/Users/miriamthompson/Desktop/DH%20Project/Mallet/post_revolution/MVHD57.txt	0.01282051282051282	0.11538461538461539	0.0641025641025641	0.0641025641025641	0.01282051282051282	0.01282051282051282	0.24358974358974358	0.0641025641025641	0.21794871794871795	0.19230769230769232
23	file:/Users/miriamthompson/Desktop/DH%20Project/Mallet/post_revolution/MVHD43.txt	0.03409090909090909	0.011363636363636364	0.03409090909090909	0.4659090909090909	0.056818181818181816	0.10227272727272728	0.10227272727272728	0.03409090909090909	0.011363636363636364	0.14772727272727273
24	file:/Users/miriamthompson/Desktop/DH%20Project/Mallet/post_revolution/ESB6.txt	0.010638297872340425	0.20212765957446807	0.30851063829787234	0.05319148936170213	0.031914893617021274	0.22340425531914893	0.031914893617021274	0.010638297872340425	0.11702127659574468	0.010638297872340425
25	file:/Users/miriamthompson/Desktop/DH%20Project/Mallet/post_revolution/EHT48.txt	0.011363636363636364	0.03409090909090909	0.23863636363636365	0.011363636363636364	0.14772727272727273	0.19318181818181818	0.07954545454545454	0.056818181818181816	0.011363636363636364	0.2159090909090909
26	file:/Users/miriamthompson/Desktop/DH%20Project/Mallet/post_revolution/EHT74.txt	0.13829787234042554	0.010638297872340425	0.20212765957446807	0.031914893617021274	0.20212765957446807	0.031914893617021274	0.010638297872340425	0.1595744680851064	0.07446808510638298	0.13829787234042554
27	file:/Users/miriamthompson/Desktop/DH%20Project/Mallet/post_revolution/EHT60.txt	0.3229166666666667	0.010416666666666666	0.07291666666666667	0.07291666666666667	0.052083333333333336	0.010416666666666666	0.010416666666666666	0.07291666666666667	0.19791666666666666	0.17708333333333334
28	file:/Users/miriamthompson/Desktop/DH%20Project/Mallet/post_revolution/EHT61.txt	0.19230769230769232	0.01282051282051282	0.038461538461538464	0.01282051282051282	0.08974358974358974	0.11538461538461539	0.14102564102564102	0.19230769230769232	0.08974358974358974	0.11538461538461539
29	file:/Users/miriamthompson/Desktop/DH%20Project/Mallet/post_revolution/EHT75.txt	0.11956521739130435	0.11956521739130435	0.05434782608695652	0.05434782608695652	0.18478260869565216	0.05434782608695652	0.03260869565217391	0.31521739130434784	0.03260869565217391	0.03260869565217391
30	file:/Users/miriamthompson/Desktop/DH%20Project/Mallet/post_revolution/EHT49.txt	0.22340425531914893	0.010638297872340425	0.24468085106382978	0.010638297872340425	0.18085106382978725	0.010638297872340425	0.031914893617021274	0.11702127659574468	0.05319148936170213	0.11702127659574468
31	file:/Users/miriamthompson/Desktop/DH%20Project/Mallet/post_revolution/ESB7.txt	0.22340425531914893	0.13829787234042554	0.2872340425531915	0.05319148936170213	0.010638297872340425	0.05319148936170213	0.05319148936170213	0.07446808510638298	0.09574468085106383	0.010638297872340425
32	file:/Users/miriamthompson/Desktop/DH%20Project/Mallet/post_revolution/MBS1.txt	0.00980392156862745	0.14705882352941177	0.3235294117647059	0.12745098039215685	0.14705882352941177	0.029411764705882353	0.12745098039215685	0.049019607843137254	0.00980392156862745	0.029411764705882353
33	file:/Users/miriamthompson/Desktop/DH%20Project/Mallet/post_revolution/MVHD42.txt	0.011363636363636364	0.14772727272727273	0.07954545454545454	0.10227272727272728	0.14772727272727273	0.056818181818181816	0.2159090909090909	0.056818181818181816	0.10227272727272728	0.07954545454545454
34	file:/Users/miriamthompson/Desktop/DH%20Project/Mallet/post_revolution/MVHD56.txt	0.03409090909090909	0.03409090909090909	0.03409090909090909	0.17045454545454544	0.07954545454545454	0.125	0.3068181818181818	0.056818181818181816	0.03409090909090909	0.125
35	file:/Users/miriamthompson/Desktop/DH%20Project/Mallet/post_revolution/MVHD81.txt	0.07777777777777778	0.011111111111111112	0.011111111111111112	0.23333333333333334	0.14444444444444443	0.07777777777777778	0.05555555555555555	0.011111111111111112	0.12222222222222222	0.25555555555555554
36	file:/Users/miriamthompson/Desktop/DH%20Project/Mallet/post_revolution/MVHD95.txt	0.13414634146341464	0.2073170731707317	0.012195121951219513	0.012195121951219513	0.012195121951219513	0.012195121951219513	0.036585365853658534	0.25609756097560976	0.18292682926829268	0.13414634146341464
37	file:/Users/miriamthompson/Desktop/DH%20Project/Mallet/post_revolution/MVHD91.txt	0.07446808510638298	0.010638297872340425	0.031914893617021274	0.22340425531914893	0.010638297872340425	0.13829787234042554	0.11702127659574468	0.010638297872340425	0.07446808510638298	0.30851063829787234
38	file:/Users/miriamthompson/Desktop/DH%20Project/Mallet/post_revolution/MVHD85.txt	0.14864864864864866	0.04054054054054054	0.013513513513513514	0.28378378378378377	0.14864864864864866	0.0945945945945946	0.013513513513513514	0.12162162162162163	0.06756756756756757	0.06756756756756757
39	file:/Users/miriamthompson/Desktop/DH%20Project/Mallet/post_revolution/MVHD52.txt	0.09210526315789473	0.25	0.09210526315789473	0.09210526315789473	0.013157894736842105	0.32894736842105265	0.013157894736842105	0.013157894736842105	0.09210526315789473	0.013157894736842105
40	file:/Users/miriamthompson/Desktop/DH%20Project/Mallet/post_revolution/MVHD46.txt	0.24468085106382978	0.24468085106382978	0.010638297872340425	0.031914893617021274	0.18085106382978725	0.05319148936170213	0.031914893617021274	0.07446808510638298	0.010638297872340425	0.11702127659574468
41	file:/Users/miriamthompson/Desktop/DH%20Project/Mallet/post_revolution/MBS5.txt	0.03333333333333333	0.14444444444444443	0.16666666666666666	0.011111111111111112	0.07777777777777778	0.2777777777777778	0.1	0.011111111111111112	0.16666666666666666	0.011111111111111112
42	file:/Users/miriamthompson/Desktop/DH%20Project/Mallet/post_revolution/ESB3.txt	0.14516129032258066	0.14516129032258066	0.016129032258064516	0.016129032258064516	0.1774193548387097	0.20967741935483872	0.04838709677419355	0.016129032258064516	0.20967741935483872	0.016129032258064516
43	file:/Users/miriamthompson/Desktop/DH%20Project/Mallet/post_revolution/EHT71.txt	0.336734693877551	0.05102040816326531	0.11224489795918367	0.01020408163265306	0.09183673469387756	0.01020408163265306	0.05102040816326531	0.21428571428571427	0.11224489795918367	0.01020408163265306
44	file:/Users/miriamthompson/Desktop/DH%20Project/Mallet/post_revolution/EHT65.txt	0.375	0.07954545454545454	0.19318181818181818	0.011363636363636364	0.011363636363636364	0.10227272727272728	0.03409090909090909	0.03409090909090909	0.07954545454545454	0.07954545454545454
45	file:/Users/miriamthompson/Desktop/DH%20Project/Mallet/post_revolution/EHT59.txt	0.22826086956521738	0.03260869565217391	0.31521739130434784	0.03260869565217391	0.010869565217391304	0.07608695652173914	0.010869565217391304	0.03260869565217391	0.05434782608695652	0.20652173913043478
46	file:/Users/miriamthompson/Desktop/DH%20Project/Mallet/post_revolution/EHT58.txt	0.3020833333333333	0.010416666666666666	0.010416666666666666	0.010416666666666666	0.07291666666666667	0.03125	0.11458333333333333	0.11458333333333333	0.13541666666666666	0.19791666666666666
47	file:/Users/miriamthompson/Desktop/DH%20Project/Mallet/post_revolution/EHT64.txt	0.18888888888888888	0.011111111111111112	0.32222222222222224	0.011111111111111112	0.03333333333333333	0.2111111111111111	0.05555555555555555	0.1	0.011111111111111112	0.05555555555555555
48	file:/Users/miriamthompson/Desktop/DH%20Project/Mallet/post_revolution/EHT70.txt	0.375	0.03409090909090909	0.17045454545454544	0.011363636363636364	0.10227272727272728	0.03409090909090909	0.011363636363636364	0.03409090909090909	0.2159090909090909	0.011363636363636364
49	file:/Users/miriamthompson/Desktop/DH%20Project/Mallet/post_revolution/ESB2.txt	0.015151515151515152	0.16666666666666666	0.07575757575757576	0.16666666666666666	0.10606060606060606	0.10606060606060606	0.19696969696969696	0.015151515151515152	0.10606060606060606	0.045454545454545456
50	file:/Users/miriamthompson/Desktop/DH%20Project/Mallet/post_revolution/MBS4.txt	0.01020408163265306	0.07142857142857142	0.030612244897959183	0.2755102040816326	0.11224489795918367	0.07142857142857142	0.17346938775510204	0.15306122448979592	0.07142857142857142	0.030612244897959183
51	file:/Users/miriamthompson/Desktop/DH%20Project/Mallet/post_revolution/MVHD47.txt	0.20967741935483872	0.1774193548387097	0.016129032258064516	0.08064516129032258	0.1774193548387097	0.1774193548387097	0.016129032258064516	0.016129032258064516	0.016129032258064516	0.11290322580645161
52	file:/Users/miriamthompson/Desktop/DH%20Project/Mallet/post_revolution/MVHD53.txt	0.06578947368421052	0.013157894736842105	0.14473684210526316	0.013157894736842105	0.013157894736842105	0.27631578947368424	0.013157894736842105	0.013157894736842105	0.27631578947368424	0.17105263157894737
53	file:/Users/miriamthompson/Desktop/DH%20Project/Mallet/post_revolution/MVHD84.txt	0.11458333333333333	0.15625	0.010416666666666666	0.03125	0.07291666666666667	0.010416666666666666	0.23958333333333334	0.11458333333333333	0.13541666666666666	0.11458333333333333
54	file:/Users/miriamthompson/Desktop/DH%20Project/Mallet/post_revolution/MVHD90.txt	0.07954545454545454	0.17045454545454544	0.011363636363636364	0.056818181818181816	0.056818181818181816	0.03409090909090909	0.10227272727272728	0.056818181818181816	0.07954545454545454	0.3522727272727273
55	file:/Users/miriamthompson/Desktop/DH%20Project/Mallet/post_revolution/MVHD86.txt	0.05434782608695652	0.20652173913043478	0.010869565217391304	0.16304347826086957	0.05434782608695652	0.11956521739130435	0.20652173913043478	0.05434782608695652	0.010869565217391304	0.11956521739130435
56	file:/Users/miriamthompson/Desktop/DH%20Project/Mallet/post_revolution/MVHD92.txt	0.03	0.07	0.01	0.13	0.25	0.07	0.29	0.09	0.05	0.01
57	file:/Users/miriamthompson/Desktop/DH%20Project/Mallet/post_revolution/MVHD79.txt	0.011904761904761904	0.08333333333333333	0.011904761904761904	0.17857142857142858	0.13095238095238096	0.05952380952380952	0.13095238095238096	0.05952380952380952	0.20238095238095238	0.13095238095238096
58	file:/Users/miriamthompson/Desktop/DH%20Project/Mallet/post_revolution/MVHD45.txt	0.09722222222222222	0.1527777777777778	0.041666666666666664	0.09722222222222222	0.013888888888888888	0.18055555555555555	0.013888888888888888	0.1527777777777778	0.1527777777777778	0.09722222222222222
59	file:/Users/miriamthompson/Desktop/DH%20Project/Mallet/post_revolution/MVHD51.txt	0.038461538461538464	0.11538461538461539	0.0641025641025641	0.44871794871794873	0.01282051282051282	0.0641025641025641	0.16666666666666666	0.01282051282051282	0.0641025641025641	0.01282051282051282
60	file:/Users/miriamthompson/Desktop/DH%20Project/Mallet/post_revolution/EHT66.txt	0.17857142857142858	0.011904761904761904	0.011904761904761904	0.011904761904761904	0.03571428571428571	0.20238095238095238	0.10714285714285714	0.13095238095238096	0.13095238095238096	0.17857142857142858
61	file:/Users/miriamthompson/Desktop/DH%20Project/Mallet/post_revolution/EHT72.txt	0.03125	0.010416666666666666	0.13541666666666666	0.052083333333333336	0.03125	0.2604166666666667	0.010416666666666666	0.2604166666666667	0.010416666666666666	0.19791666666666666
62	file:/Users/miriamthompson/Desktop/DH%20Project/Mallet/post_revolution/EHT73.txt	0.17045454545454544	0.011363636363636364	0.14772727272727273	0.011363636363636364	0.10227272727272728	0.19318181818181818	0.10227272727272728	0.14772727272727273	0.011363636363636364	0.10227272727272728
63	file:/Users/miriamthompson/Desktop/DH%20Project/Mallet/post_revolution/EHT67.txt	0.20212765957446807	0.07446808510638298	0.13829787234042554	0.010638297872340425	0.13829787234042554	0.05319148936170213	0.010638297872340425	0.05319148936170213	0.20212765957446807	0.11702127659574468
64	file:/Users/miriamthompson/Desktop/DH%20Project/Mallet/post_revolution/ESB1.txt	0.015151515151515152	0.10606060606060606	0.10606060606060606	0.22727272727272727	0.07575757575757576	0.045454545454545456	0.10606060606060606	0.015151515151515152	0.22727272727272727	0.07575757575757576
65	file:/Users/miriamthompson/Desktop/DH%20Project/Mallet/post_revolution/MVHD50.txt	0.0641025641025641	0.038461538461538464	0.08974358974358974	0.0641025641025641	0.21794871794871795	0.0641025641025641	0.0641025641025641	0.19230769230769232	0.19230769230769232	0.01282051282051282
66	file:/Users/miriamthompson/Desktop/DH%20Project/Mallet/post_revolution/MVHD44.txt	0.1511627906976744	0.1744186046511628	0.05813953488372093	0.19767441860465115	0.011627906976744186	0.03488372093023256	0.12790697674418605	0.03488372093023256	0.011627906976744186	0.19767441860465115
67	file:/Users/miriamthompson/Desktop/DH%20Project/Mallet/post_revolution/MVHD78.txt	0.125	0.041666666666666664	0.041666666666666664	0.2638888888888889	0.013888888888888888	0.18055555555555555	0.013888888888888888	0.06944444444444445	0.013888888888888888	0.2361111111111111
68	file:/Users/miriamthompson/Desktop/DH%20Project/Mallet/post_revolution/MVHD93.txt	0.06944444444444445	0.041666666666666664	0.013888888888888888	0.06944444444444445	0.125	0.2638888888888889	0.013888888888888888	0.041666666666666664	0.20833333333333334	0.1527777777777778
69	file:/Users/miriamthompson/Desktop/DH%20Project/Mallet/post_revolution/MVHD87.txt	0.01	0.07	0.09	0.03	0.09	0.31	0.15	0.01	0.03	0.21
70	file:/Users/miriamthompson/Desktop/DH%20Project/Mallet/post_revolution/ESB15.txt	0.07608695652173914	0.4673913043478261	0.2717391304347826	0.010869565217391304	0.010869565217391304	0.05434782608695652	0.03260869565217391	0.05434782608695652	0.010869565217391304	0.010869565217391304
71	file:/Users/miriamthompson/Desktop/DH%20Project/Mallet/post_revolution/ESB29.txt	0.08974358974358974	0.3717948717948718	0.038461538461538464	0.0641025641025641	0.01282051282051282	0.038461538461538464	0.24358974358974358	0.01282051282051282	0.11538461538461539	0.01282051282051282
72	file:/Users/miriamthompson/Desktop/DH%20Project/Mallet/post_revolution/HRG2.txt	0.10576923076923077	0.04807692307692308	0.028846153846153848	0.009615384615384616	0.10576923076923077	0.0673076923076923	0.20192307692307693	0.10576923076923077	0.18269230769230768	0.14423076923076922
73	file:/Users/miriamthompson/Desktop/DH%20Project/Mallet/post_revolution/MVHD23.txt	0.05952380952380952	0.05952380952380952	0.03571428571428571	0.20238095238095238	0.08333333333333333	0.10714285714285714	0.27380952380952384	0.011904761904761904	0.08333333333333333	0.08333333333333333
74	file:/Users/miriamthompson/Desktop/DH%20Project/Mallet/post_revolution/MVHD37.txt	0.011111111111111112	0.23333333333333334	0.03333333333333333	0.05555555555555555	0.03333333333333333	0.1	0.07777777777777778	0.16666666666666666	0.011111111111111112	0.2777777777777778
75	file:/Users/miriamthompson/Desktop/DH%20Project/Mallet/post_revolution/EHT28.txt	0.18478260869565216	0.03260869565217391	0.05434782608695652	0.05434782608695652	0.2717391304347826	0.11956521739130435	0.09782608695652174	0.11956521739130435	0.010869565217391304	0.05434782608695652
76	file:/Users/miriamthompson/Desktop/DH%20Project/Mallet/post_revolution/EHT14.txt	0.011111111111111112	0.011111111111111112	0.011111111111111112	0.4111111111111111	0.011111111111111112	0.14444444444444443	0.011111111111111112	0.2111111111111111	0.03333333333333333	0.14444444444444443
77	file:/Users/miriamthompson/Desktop/DH%20Project/Mallet/post_revolution/MVHD111.txt	0.011627906976744186	0.1744186046511628	0.03488372093023256	0.12790697674418605	0.12790697674418605	0.03488372093023256	0.10465116279069768	0.03488372093023256	0.05813953488372093	0.29069767441860467
78	file:/Users/miriamthompson/Desktop/DH%20Project/Mallet/post_revolution/MVHD105.txt	0.015625	0.015625	0.015625	0.046875	0.234375	0.015625	0.109375	0.140625	0.140625	0.265625
79	file:/Users/miriamthompson/Desktop/DH%20Project/Mallet/post_revolution/MVHD104.txt	0.03125	0.13541666666666666	0.09375	0.09375	0.13541666666666666	0.052083333333333336	0.03125	0.11458333333333333	0.07291666666666667	0.23958333333333334
80	file:/Users/miriamthompson/Desktop/DH%20Project/Mallet/post_revolution/MVHD110.txt	0.22093023255813954	0.1744186046511628	0.03488372093023256	0.1744186046511628	0.10465116279069768	0.011627906976744186	0.03488372093023256	0.12790697674418605	0.011627906976744186	0.10465116279069768
81	file:/Users/miriamthompson/Desktop/DH%20Project/Mallet/post_revolution/EHT15.txt	0.17	0.03	0.03	0.21	0.15	0.19	0.17	0.01	0.01	0.03
82	file:/Users/miriamthompson/Desktop/DH%20Project/Mallet/post_revolution/EHT29.txt	0.39814814814814814	0.009259259259259259	0.06481481481481481	0.009259259259259259	0.009259259259259259	0.17592592592592593	0.046296296296296294	0.25	0.027777777777777776	0.009259259259259259
83	file:/Users/miriamthompson/Desktop/DH%20Project/Mallet/post_revolution/MVHD36.txt	0.03488372093023256	0.011627906976744186	0.011627906976744186	0.011627906976744186	0.2441860465116279	0.1511627906976744	0.19767441860465115	0.05813953488372093	0.12790697674418605	0.1511627906976744
84	file:/Users/miriamthompson/Desktop/DH%20Project/Mallet/post_revolution/MVHD22.txt	0.013888888888888888	0.20833333333333334	0.041666666666666664	0.09722222222222222	0.041666666666666664	0.06944444444444445	0.20833333333333334	0.041666666666666664	0.09722222222222222	0.18055555555555555
85	file:/Users/miriamthompson/Desktop/DH%20Project/Mallet/post_revolution/HRG3.txt	0.010869565217391304	0.31521739130434784	0.03260869565217391	0.010869565217391304	0.11956521739130435	0.14130434782608695	0.14130434782608695	0.09782608695652174	0.05434782608695652	0.07608695652173914
86	file:/Users/miriamthompson/Desktop/DH%20Project/Mallet/post_revolution/ESB28.txt	0.12222222222222222	0.5	0.07777777777777778	0.1	0.07777777777777778	0.011111111111111112	0.011111111111111112	0.011111111111111112	0.07777777777777778	0.011111111111111112
87	file:/Users/miriamthompson/Desktop/DH%20Project/Mallet/post_revolution/ESB14.txt	0.0673076923076923	0.3173076923076923	0.028846153846153848	0.10576923076923077	0.10576923076923077	0.08653846153846154	0.028846153846153848	0.20192307692307693	0.028846153846153848	0.028846153846153848
88	file:/Users/miriamthompson/Desktop/DH%20Project/Mallet/post_revolution/ESB16.txt	0.03571428571428571	0.17857142857142858	0.08333333333333333	0.03571428571428571	0.27380952380952384	0.08333333333333333	0.03571428571428571	0.2261904761904762	0.011904761904761904	0.03571428571428571
89	file:/Users/miriamthompson/Desktop/DH%20Project/Mallet/post_revolution/HRG1.txt	0.26744186046511625	0.03488372093023256	0.08139534883720931	0.03488372093023256	0.011627906976744186	0.12790697674418605	0.08139534883720931	0.10465116279069768	0.2441860465116279	0.011627906976744186
90	file:/Users/miriamthompson/Desktop/DH%20Project/Mallet/post_revolution/MVHD34.txt	0.14444444444444443	0.16666666666666666	0.05555555555555555	0.05555555555555555	0.18888888888888888	0.011111111111111112	0.18888888888888888	0.011111111111111112	0.011111111111111112	0.16666666666666666
91	file:/Users/miriamthompson/Desktop/DH%20Project/Mallet/post_revolution/MVHD20.txt	0.015151515151515152	0.2878787878787879	0.015151515151515152	0.015151515151515152	0.015151515151515152	0.2878787878787879	0.015151515151515152	0.015151515151515152	0.3181818181818182	0.015151515151515152
92	file:/Users/miriamthompson/Desktop/DH%20Project/Mallet/post_revolution/EHT17.txt	0.15178571428571427	0.044642857142857144	0.09821428571428571	0.0625	0.41964285714285715	0.08035714285714286	0.008928571428571428	0.026785714285714284	0.008928571428571428	0.09821428571428571
93	file:/Users/miriamthompson/Desktop/DH%20Project/Mallet/post_revolution/MVHD106.txt	0.014705882352941176	0.04411764705882353	0.014705882352941176	0.07352941176470588	0.1323529411764706	0.10294117647058823	0.07352941176470588	0.10294117647058823	0.22058823529411764	0.22058823529411764
94	file:/Users/miriamthompson/Desktop/DH%20Project/Mallet/post_revolution/MVHD112.txt	0.04054054054054054	0.22972972972972974	0.04054054054054054	0.06756756756756757	0.20270270270270271	0.013513513513513514	0.12162162162162163	0.14864864864864866	0.013513513513513514	0.12162162162162163
95	file:/Users/miriamthompson/Desktop/DH%20Project/Mallet/post_revolution/MVHD113.txt	0.07608695652173914	0.09782608695652174	0.07608695652173914	0.20652173913043478	0.05434782608695652	0.05434782608695652	0.05434782608695652	0.18478260869565216	0.07608695652173914	0.11956521739130435
96	file:/Users/miriamthompson/Desktop/DH%20Project/Mallet/post_revolution/MVHD107.txt	0.0375	0.0875	0.0625	0.0875	0.0875	0.0375	0.2625	0.1375	0.0625	0.1375
97	file:/Users/miriamthompson/Desktop/DH%20Project/Mallet/post_revolution/EHT16.txt	0.14423076923076922	0.0673076923076923	0.20192307692307693	0.16346153846153846	0.028846153846153848	0.009615384615384616	0.125	0.0673076923076923	0.009615384615384616	0.18269230769230768
98	file:/Users/miriamthompson/Desktop/DH%20Project/Mallet/post_revolution/MVHD21.txt	0.06578947368421052	0.3026315789473684	0.039473684210526314	0.013157894736842105	0.013157894736842105	0.17105263157894737	0.013157894736842105	0.039473684210526314	0.2236842105263158	0.11842105263157894
99	file:/Users/miriamthompson/Desktop/DH%20Project/Mallet/post_revolution/MVHD35.txt	0.09574468085106383	0.22340425531914893	0.05319148936170213	0.010638297872340425	0.24468085106382978	0.07446808510638298	0.24468085106382978	0.031914893617021274	0.010638297872340425	0.010638297872340425
100	file:/Users/miriamthompson/Desktop/DH%20Project/Mallet/post_revolution/ESB17.txt	0.08333333333333333	0.17857142857142858	0.20238095238095238	0.011904761904761904	0.011904761904761904	0.13095238095238096	0.03571428571428571	0.011904761904761904	0.32142857142857145	0.011904761904761904
101	file:/Users/miriamthompson/Desktop/DH%20Project/Mallet/post_revolution/ESB13.txt	0.04054054054054054	0.0945945945945946	0.22972972972972974	0.013513513513513514	0.17567567567567569	0.0945945945945946	0.0945945945945946	0.17567567567567569	0.06756756756756757	0.013513513513513514
102	file:/Users/miriamthompson/Desktop/DH%20Project/Mallet/post_revolution/HRG4.txt	0.06363636363636363	0.1	0.3	0.00909090909090909	0.19090909090909092	0.15454545454545454	0.06363636363636363	0.02727272727272727	0.08181818181818182	0.00909090909090909
103	file:/Users/miriamthompson/Desktop/DH%20Project/Mallet/post_revolution/MVHD19.txt	0.01282051282051282	0.08974358974358974	0.11538461538461539	0.038461538461538464	0.16666666666666666	0.0641025641025641	0.08974358974358974	0.0641025641025641	0.0641025641025641	0.2948717948717949
104	file:/Users/miriamthompson/Desktop/DH%20Project/Mallet/post_revolution/MVHD31.txt	0.12162162162162163	0.0945945945945946	0.013513513513513514	0.12162162162162163	0.013513513513513514	0.013513513513513514	0.12162162162162163	0.14864864864864866	0.3108108108108108	0.04054054054054054
105	file:/Users/miriamthompson/Desktop/DH%20Project/Mallet/post_revolution/MVHD25.txt	0.041666666666666664	0.06944444444444445	0.09722222222222222	0.18055555555555555	0.1527777777777778	0.013888888888888888	0.20833333333333334	0.013888888888888888	0.013888888888888888	0.20833333333333334
106	file:/Users/miriamthompson/Desktop/DH%20Project/Mallet/post_revolution/MVHD9.txt	0.011363636363636364	0.2840909090909091	0.011363636363636364	0.14772727272727273	0.14772727272727273	0.03409090909090909	0.07954545454545454	0.125	0.056818181818181816	0.10227272727272728
107	file:/Users/miriamthompson/Desktop/DH%20Project/Mallet/post_revolution/EHT12.txt	0.44339622641509435	0.02830188679245283	0.10377358490566038	0.08490566037735849	0.04716981132075472	0.04716981132075472	0.12264150943396226	0.04716981132075472	0.04716981132075472	0.02830188679245283
108	file:/Users/miriamthompson/Desktop/DH%20Project/Mallet/post_revolution/MVHD103.txt	0.01282051282051282	0.0641025641025641	0.14102564102564102	0.14102564102564102	0.01282051282051282	0.08974358974358974	0.08974358974358974	0.08974358974358974	0.08974358974358974	0.2692307692307692
109	file:/Users/miriamthompson/Desktop/DH%20Project/Mallet/post_revolution/MVHD117.txt	0.013888888888888888	0.013888888888888888	0.041666666666666664	0.041666666666666664	0.18055555555555555	0.1527777777777778	0.2916666666666667	0.013888888888888888	0.1527777777777778	0.09722222222222222
110	file:/Users/miriamthompson/Desktop/DH%20Project/Mallet/post_revolution/MVHD116.txt	0.013513513513513514	0.20270270270270271	0.013513513513513514	0.0945945945945946	0.12162162162162163	0.14864864864864866	0.0945945945945946	0.04054054054054054	0.013513513513513514	0.25675675675675674
111	file:/Users/miriamthompson/Desktop/DH%20Project/Mallet/post_revolution/MVHD102.txt	0.0125	0.1375	0.0375	0.1125	0.0125	0.0125	0.3875	0.1625	0.0375	0.0875
112	file:/Users/miriamthompson/Desktop/DH%20Project/Mallet/post_revolution/EHT13.txt	0.08139534883720931	0.03488372093023256	0.05813953488372093	0.12790697674418605	0.12790697674418605	0.011627906976744186	0.22093023255813954	0.1744186046511628	0.08139534883720931	0.08139534883720931
113	file:/Users/miriamthompson/Desktop/DH%20Project/Mallet/post_revolution/MVHD8.txt	0.011363636363636364	0.03409090909090909	0.011363636363636364	0.17045454545454544	0.32954545454545453	0.07954545454545454	0.011363636363636364	0.011363636363636364	0.011363636363636364	0.32954545454545453
114	file:/Users/miriamthompson/Desktop/DH%20Project/Mallet/post_revolution/MVHD24.txt	0.010869565217391304	0.03260869565217391	0.010869565217391304	0.44565217391304346	0.20652173913043478	0.03260869565217391	0.03260869565217391	0.07608695652173914	0.14130434782608695	0.010869565217391304
115	file:/Users/miriamthompson/Desktop/DH%20Project/Mallet/post_revolution/MVHD30.txt	0.03260869565217391	0.20652173913043478	0.18478260869565216	0.03260869565217391	0.03260869565217391	0.11956521739130435	0.07608695652173914	0.07608695652173914	0.14130434782608695	0.09782608695652174
116	file:/Users/miriamthompson/Desktop/DH%20Project/Mallet/post_revolution/MVHD18.txt	0.014705882352941176	0.1323529411764706	0.07352941176470588	0.04411764705882353	0.1323529411764706	0.10294117647058823	0.10294117647058823	0.07352941176470588	0.19117647058823528	0.1323529411764706
117	file:/Users/miriamthompson/Desktop/DH%20Project/Mallet/post_revolution/ESB12.txt	0.09183673469387756	0.11224489795918367	0.05102040816326531	0.05102040816326531	0.05102040816326531	0.01020408163265306	0.01020408163265306	0.21428571428571427	0.37755102040816324	0.030612244897959183
118	file:/Users/miriamthompson/Desktop/DH%20Project/Mallet/post_revolution/ESB38.txt	0.011627906976744186	0.03488372093023256	0.19767441860465115	0.1511627906976744	0.03488372093023256	0.08139534883720931	0.011627906976744186	0.011627906976744186	0.45348837209302323	0.011627906976744186
119	file:/Users/miriamthompson/Desktop/DH%20Project/Mallet/post_revolution/ESB10.txt	0.06756756756756757	0.3918918918918919	0.04054054054054054	0.06756756756756757	0.0945945945945946	0.04054054054054054	0.013513513513513514	0.013513513513513514	0.25675675675675674	0.013513513513513514
120	file:/Users/miriamthompson/Desktop/DH%20Project/Mallet/post_revolution/MVHD26.txt	0.01282051282051282	0.11538461538461539	0.01282051282051282	0.3974358974358974	0.038461538461538464	0.01282051282051282	0.34615384615384615	0.01282051282051282	0.01282051282051282	0.038461538461538464
121	file:/Users/miriamthompson/Desktop/DH%20Project/Mallet/post_revolution/MVHD32.txt	0.07291666666666667	0.052083333333333336	0.010416666666666666	0.3645833333333333	0.010416666666666666	0.010416666666666666	0.28125	0.010416666666666666	0.07291666666666667	0.11458333333333333
122	file:/Users/miriamthompson/Desktop/DH%20Project/Mallet/post_revolution/EHT11.txt	0.36792452830188677	0.009433962264150943	0.10377358490566038	0.0660377358490566	0.02830188679245283	0.04716981132075472	0.12264150943396226	0.1792452830188679	0.0660377358490566	0.009433962264150943
123	file:/Users/miriamthompson/Desktop/DH%20Project/Mallet/post_revolution/EHT39.txt	0.25555555555555554	0.011111111111111112	0.1	0.07777777777777778	0.2777777777777778	0.011111111111111112	0.03333333333333333	0.12222222222222222	0.05555555555555555	0.05555555555555555
124	file:/Users/miriamthompson/Desktop/DH%20Project/Mallet/post_revolution/MVHD114.txt	0.09574468085106383	0.031914893617021274	0.010638297872340425	0.11702127659574468	0.20212765957446807	0.09574468085106383	0.07446808510638298	0.010638297872340425	0.05319148936170213	0.30851063829787234
125	file:/Users/miriamthompson/Desktop/DH%20Project/Mallet/post_revolution/MVHD100.txt	0.03409090909090909	0.10227272727272728	0.011363636363636364	0.19318181818181818	0.07954545454545454	0.26136363636363635	0.03409090909090909	0.19318181818181818	0.011363636363636364	0.07954545454545454
126	file:/Users/miriamthompson/Desktop/DH%20Project/Mallet/post_revolution/MVHD101.txt	0.011363636363636364	0.03409090909090909	0.07954545454545454	0.2159090909090909	0.011363636363636364	0.03409090909090909	0.125	0.011363636363636364	0.07954545454545454	0.3977272727272727
127	file:/Users/miriamthompson/Desktop/DH%20Project/Mallet/post_revolution/MVHD115.txt	0.017241379310344827	0.05172413793103448	0.05172413793103448	0.017241379310344827	0.017241379310344827	0.15517241379310345	0.1896551724137931	0.1206896551724138	0.1206896551724138	0.25862068965517243
128	file:/Users/miriamthompson/Desktop/DH%20Project/Mallet/post_revolution/EHT38.txt	0.3522727272727273	0.17045454545454544	0.056818181818181816	0.011363636363636364	0.07954545454545454	0.03409090909090909	0.056818181818181816	0.125	0.03409090909090909	0.07954545454545454
129	file:/Users/miriamthompson/Desktop/DH%20Project/Mallet/post_revolution/EHT10.txt	0.00909090909090909	0.06363636363636363	0.00909090909090909	0.20909090909090908	0.15454545454545454	0.08181818181818182	0.02727272727272727	0.2636363636363636	0.00909090909090909	0.17272727272727273
130	file:/Users/miriamthompson/Desktop/DH%20Project/Mallet/post_revolution/MVHD33.txt	0.1	0.07777777777777778	0.011111111111111112	0.23333333333333334	0.07777777777777778	0.03333333333333333	0.3	0.03333333333333333	0.011111111111111112	0.12222222222222222
131	file:/Users/miriamthompson/Desktop/DH%20Project/Mallet/post_revolution/MVHD27.txt	0.03260869565217391	0.22826086956521738	0.07608695652173914	0.25	0.09782608695652174	0.010869565217391304	0.11956521739130435	0.010869565217391304	0.010869565217391304	0.16304347826086957
132	file:/Users/miriamthompson/Desktop/DH%20Project/Mallet/post_revolution/ESB11.txt	0.08181818181818182	0.19090909090909092	0.15454545454545454	0.2636363636363636	0.00909090909090909	0.045454545454545456	0.00909090909090909	0.045454545454545456	0.17272727272727273	0.02727272727272727
133	file:/Users/miriamthompson/Desktop/DH%20Project/Mallet/post_revolution/ESB39.txt	0.0125	0.2125	0.0375	0.0125	0.0125	0.2625	0.0625	0.0125	0.3375	0.0375
134	file:/Users/miriamthompson/Desktop/DH%20Project/Mallet/post_revolution/ESB20.txt	0.03409090909090909	0.3522727272727273	0.2159090909090909	0.03409090909090909	0.03409090909090909	0.056818181818181816	0.011363636363636364	0.19318181818181818	0.03409090909090909	0.03409090909090909
135	file:/Users/miriamthompson/Desktop/DH%20Project/Mallet/post_revolution/ESB34.txt	0.08333333333333333	0.046296296296296294	0.08333333333333333	0.027777777777777776	0.06481481481481481	0.009259259259259259	0.08333333333333333	0.1388888888888889	0.4166666666666667	0.046296296296296294
136	file:/Users/miriamthompson/Desktop/DH%20Project/Mallet/post_revolution/MVHD16.txt	0.08536585365853659	0.08536585365853659	0.012195121951219513	0.036585365853658534	0.35365853658536583	0.10975609756097561	0.012195121951219513	0.012195121951219513	0.10975609756097561	0.18292682926829268
137	file:/Users/miriamthompson/Desktop/DH%20Project/Mallet/post_revolution/MVHD6.txt	0.012195121951219513	0.06097560975609756	0.08536585365853659	0.10975609756097561	0.10975609756097561	0.15853658536585366	0.23170731707317074	0.012195121951219513	0.13414634146341464	0.08536585365853659
138	file:/Users/miriamthompson/Desktop/DH%20Project/Mallet/post_revolution/EHT21.txt	0.05319148936170213	0.09574468085106383	0.07446808510638298	0.20212765957446807	0.1595744680851064	0.010638297872340425	0.13829787234042554	0.11702127659574468	0.09574468085106383	0.05319148936170213
139	file:/Users/miriamthompson/Desktop/DH%20Project/Mallet/post_revolution/EHT35.txt	0.05555555555555555	0.05555555555555555	0.011111111111111112	0.011111111111111112	0.12222222222222222	0.1	0.011111111111111112	0.32222222222222224	0.03333333333333333	0.2777777777777778
140	file:/Users/miriamthompson/Desktop/DH%20Project/Mallet/post_revolution/MVHD118.txt	0.06756756756756757	0.06756756756756757	0.013513513513513514	0.12162162162162163	0.013513513513513514	0.25675675675675674	0.17567567567567569	0.04054054054054054	0.013513513513513514	0.22972972972972974
141	file:/Users/miriamthompson/Desktop/DH%20Project/Mallet/post_revolution/MVHD119.txt	0.01282051282051282	0.01282051282051282	0.14102564102564102	0.01282051282051282	0.11538461538461539	0.24358974358974358	0.3717948717948718	0.0641025641025641	0.01282051282051282	0.01282051282051282
142	file:/Users/miriamthompson/Desktop/DH%20Project/Mallet/post_revolution/EHT34.txt	0.18888888888888888	0.011111111111111112	0.14444444444444443	0.03333333333333333	0.2111111111111111	0.07777777777777778	0.05555555555555555	0.12222222222222222	0.07777777777777778	0.07777777777777778
143	file:/Users/miriamthompson/Desktop/DH%20Project/Mallet/post_revolution/EHT20.txt	0.011627906976744186	0.03488372093023256	0.12790697674418605	0.3372093023255814	0.12790697674418605	0.03488372093023256	0.03488372093023256	0.12790697674418605	0.12790697674418605	0.03488372093023256
144	file:/Users/miriamthompson/Desktop/DH%20Project/Mallet/post_revolution/MVHD7.txt	0.011363636363636364	0.03409090909090909	0.03409090909090909	0.14772727272727273	0.375	0.056818181818181816	0.011363636363636364	0.011363636363636364	0.011363636363636364	0.3068181818181818
