0	file:/Users/miriamthompson/Desktop/DH%20Project/Mallet/post_revolution/MVHD83.txt	0.025252525252525252	0.297979797979798	0.025252525252525252	0.17676767676767677	0.4494949494949495	0.025252525252525252
1	file:/Users/miriamthompson/Desktop/DH%20Project/Mallet/post_revolution/MVHD97.txt	0.024509803921568627	0.37745098039215685	0.024509803921568627	0.11274509803921569	0.11274509803921569	0.34803921568627455
2	file:/Users/miriamthompson/Desktop/DH%20Project/Mallet/post_revolution/MVHD40.txt	0.07666666666666667	0.13666666666666666	0.09666666666666666	0.45666666666666667	0.15666666666666665	0.07666666666666667
3	file:/Users/miriamthompson/Desktop/DH%20Project/Mallet/post_revolution/MVHD54.txt	0.01893939393939394	0.06439393939393939	0.06439393939393939	0.178030303030303	0.268939393939394	0.4053030303030303
4	file:/Users/miriamthompson/Desktop/DH%20Project/Mallet/post_revolution/MVHD68.txt	0.08095238095238096	0.16666666666666666	0.08095238095238096	0.30952380952380953	0.2523809523809524	0.10952380952380952
5	file:/Users/miriamthompson/Desktop/DH%20Project/Mallet/post_revolution/MBS3.txt	0.14722222222222223	0.04722222222222223	0.3138888888888889	0.1638888888888889	0.18055555555555555	0.14722222222222223
6	file:/Users/miriamthompson/Desktop/DH%20Project/Mallet/post_revolution/EHT8.txt	0.021367521367521368	0.14957264957264957	0.047008547008547015	0.6367521367521367	0.12393162393162392	0.021367521367521368
7	file:/Users/miriamthompson/Desktop/DH%20Project/Mallet/post_revolution/ESB5.txt	0.2523809523809524	0.02380952380952381	0.08095238095238096	0.13809523809523808	0.28095238095238095	0.2238095238095238
8	file:/Users/miriamthompson/Desktop/DH%20Project/Mallet/post_revolution/EHT63.txt	0.05555555555555556	0.2124183006535948	0.34967320261437906	0.016339869281045753	0.15359477124183005	0.2124183006535948
9	file:/Users/miriamthompson/Desktop/DH%20Project/Mallet/post_revolution/EHT77.txt	0.08518518518518518	0.37407407407407406	0.32962962962962966	0.01851851851851852	0.08518518518518518	0.1074074074074074
10	file:/Users/miriamthompson/Desktop/DH%20Project/Mallet/post_revolution/EHT76.txt	0.043650793650793655	0.23412698412698413	0.019841269841269844	0.043650793650793655	0.3055555555555556	0.3531746031746032
11	file:/Users/miriamthompson/Desktop/DH%20Project/Mallet/post_revolution/EHT62.txt	0.03666666666666667	0.27666666666666667	0.5366666666666666	0.03666666666666667	0.016666666666666666	0.09666666666666666
12	file:/Users/miriamthompson/Desktop/DH%20Project/Mallet/post_revolution/ESB4.txt	0.23563218390804597	0.06321839080459771	0.028735632183908046	0.06321839080459771	0.2011494252873563	0.40804597701149425
13	file:/Users/miriamthompson/Desktop/DH%20Project/Mallet/post_revolution/EHT9.txt	0.32962962962962966	0.15185185185185185	0.12962962962962962	0.3074074074074074	0.040740740740740744	0.040740740740740744
14	file:/Users/miriamthompson/Desktop/DH%20Project/Mallet/post_revolution/MBS2.txt	0.2124183006535948	0.173202614379085	0.03594771241830066	0.2908496732026144	0.25163398692810457	0.03594771241830066
15	file:/Users/miriamthompson/Desktop/DH%20Project/Mallet/post_revolution/MVHD69.txt	0.06296296296296297	0.08518518518518518	0.06296296296296297	0.12962962962962962	0.39629629629629626	0.26296296296296295
16	file:/Users/miriamthompson/Desktop/DH%20Project/Mallet/post_revolution/MVHD55.txt	0.08156028368794327	0.23049645390070922	0.01773049645390071	0.2730496453900709	0.16666666666666666	0.23049645390070922
17	file:/Users/miriamthompson/Desktop/DH%20Project/Mallet/post_revolution/MVHD41.txt	0.7958333333333333	0.04583333333333334	0.020833333333333336	0.04583333333333334	0.020833333333333336	0.07083333333333333
18	file:/Users/miriamthompson/Desktop/DH%20Project/Mallet/post_revolution/MVHD96.txt	0.17676767676767677	0.025252525252525252	0.025252525252525252	0.5404040404040403	0.11616161616161616	0.11616161616161616
19	file:/Users/miriamthompson/Desktop/DH%20Project/Mallet/post_revolution/MVHD82.txt	0.05092592592592593	0.27314814814814814	0.13425925925925924	0.24537037037037038	0.24537037037037038	0.05092592592592593
20	file:/Users/miriamthompson/Desktop/DH%20Project/Mallet/post_revolution/MVHD94.txt	0.3803418803418804	0.021367521367521368	0.09829059829059829	0.20085470085470084	0.2777777777777778	0.021367521367521368
21	file:/Users/miriamthompson/Desktop/DH%20Project/Mallet/post_revolution/MVHD80.txt	0.1752136752136752	0.07264957264957266	0.021367521367521368	0.2777777777777778	0.25213675213675213	0.20085470085470084
22	file:/Users/miriamthompson/Desktop/DH%20Project/Mallet/post_revolution/MVHD57.txt	0.02192982456140351	0.20614035087719298	0.10087719298245615	0.17982456140350878	0.2850877192982456	0.20614035087719298
23	file:/Users/miriamthompson/Desktop/DH%20Project/Mallet/post_revolution/MVHD43.txt	0.11240310077519379	0.2054263565891473	0.01937984496124031	0.3682170542635659	0.08914728682170543	0.2054263565891473
24	file:/Users/miriamthompson/Desktop/DH%20Project/Mallet/post_revolution/ESB6.txt	0.01773049645390071	0.01773049645390071	0.1453900709219858	0.060283687943262415	0.400709219858156	0.3581560283687943
25	file:/Users/miriamthompson/Desktop/DH%20Project/Mallet/post_revolution/EHT48.txt	0.01893939393939394	0.38257575757575757	0.35984848484848486	0.13257575757575757	0.08712121212121213	0.01893939393939394
26	file:/Users/miriamthompson/Desktop/DH%20Project/Mallet/post_revolution/EHT74.txt	0.03985507246376812	0.06159420289855073	0.5181159420289855	0.018115942028985508	0.25724637681159424	0.10507246376811594
27	file:/Users/miriamthompson/Desktop/DH%20Project/Mallet/post_revolution/EHT60.txt	0.017361111111111112	0.05902777777777778	0.6006944444444444	0.16319444444444445	0.07986111111111112	0.07986111111111112
28	file:/Users/miriamthompson/Desktop/DH%20Project/Mallet/post_revolution/EHT61.txt	0.10087719298245615	0.17982456140350878	0.36403508771929827	0.048245614035087724	0.20614035087719298	0.10087719298245615
29	file:/Users/miriamthompson/Desktop/DH%20Project/Mallet/post_revolution/EHT75.txt	0.01851851851851852	0.39629629629629626	0.3074074074074074	0.12962962962962962	0.06296296296296297	0.08518518518518518
30	file:/Users/miriamthompson/Desktop/DH%20Project/Mallet/post_revolution/EHT49.txt	0.08333333333333334	0.14855072463768115	0.5833333333333333	0.10507246376811594	0.03985507246376812	0.03985507246376812
31	file:/Users/miriamthompson/Desktop/DH%20Project/Mallet/post_revolution/ESB7.txt	0.10283687943262411	0.12411347517730496	0.2092198581560284	0.1453900709219858	0.2517730496453901	0.16666666666666666
32	file:/Users/miriamthompson/Desktop/DH%20Project/Mallet/post_revolution/MBS1.txt	0.11437908496732026	0.11437908496732026	0.19281045751633988	0.173202614379085	0.15359477124183005	0.25163398692810457
33	file:/Users/miriamthompson/Desktop/DH%20Project/Mallet/post_revolution/MVHD42.txt	0.08914728682170543	0.13565891472868216	0.04263565891472869	0.4844961240310077	0.2054263565891473	0.04263565891472869
34	file:/Users/miriamthompson/Desktop/DH%20Project/Mallet/post_revolution/MVHD56.txt	0.04263565891472869	0.11240310077519379	0.04263565891472869	0.32170542635658916	0.11240310077519379	0.3682170542635659
35	file:/Users/miriamthompson/Desktop/DH%20Project/Mallet/post_revolution/MVHD81.txt	0.1962962962962963	0.21851851851851853	0.1074074074074074	0.08518518518518518	0.06296296296296297	0.32962962962962966
36	file:/Users/miriamthompson/Desktop/DH%20Project/Mallet/post_revolution/MVHD95.txt	0.4166666666666667	0.048245614035087724	0.10087719298245615	0.10087719298245615	0.31140350877192985	0.02192982456140351
37	file:/Users/miriamthompson/Desktop/DH%20Project/Mallet/post_revolution/MVHD91.txt	0.12411347517730496	0.01773049645390071	0.08156028368794327	0.46453900709219853	0.23049645390070922	0.08156028368794327
38	file:/Users/miriamthompson/Desktop/DH%20Project/Mallet/post_revolution/MVHD85.txt	0.1898148148148148	0.1898148148148148	0.16203703703703703	0.3564814814814815	0.05092592592592593	0.05092592592592593
39	file:/Users/miriamthompson/Desktop/DH%20Project/Mallet/post_revolution/MVHD52.txt	0.26576576576576577	0.13063063063063063	0.022522522522522525	0.18468468468468469	0.15765765765765766	0.23873873873873874
40	file:/Users/miriamthompson/Desktop/DH%20Project/Mallet/post_revolution/MVHD46.txt	0.06159420289855073	0.06159420289855073	0.27898550724637683	0.45289855072463764	0.10507246376811594	0.03985507246376812
41	file:/Users/miriamthompson/Desktop/DH%20Project/Mallet/post_revolution/MBS5.txt	0.01851851851851852	0.08518518518518518	0.12962962962962962	0.1074074074074074	0.21851851851851853	0.4407407407407407
42	file:/Users/miriamthompson/Desktop/DH%20Project/Mallet/post_revolution/ESB3.txt	0.1277777777777778	0.02777777777777778	0.02777777777777778	0.02777777777777778	0.46111111111111114	0.3277777777777778
43	file:/Users/miriamthompson/Desktop/DH%20Project/Mallet/post_revolution/EHT71.txt	0.017006802721088437	0.3639455782312925	0.5680272108843537	0.017006802721088437	0.017006802721088437	0.017006802721088437
44	file:/Users/miriamthompson/Desktop/DH%20Project/Mallet/post_revolution/EHT65.txt	0.15891472868217055	0.2054263565891473	0.46124031007751937	0.06589147286821706	0.08914728682170543	0.01937984496124031
45	file:/Users/miriamthompson/Desktop/DH%20Project/Mallet/post_revolution/EHT59.txt	0.018115942028985508	0.43115942028985504	0.3659420289855072	0.018115942028985508	0.10507246376811594	0.06159420289855073
46	file:/Users/miriamthompson/Desktop/DH%20Project/Mallet/post_revolution/EHT58.txt	0.017361111111111112	0.3090277777777778	0.4756944444444444	0.07986111111111112	0.03819444444444445	0.07986111111111112
47	file:/Users/miriamthompson/Desktop/DH%20Project/Mallet/post_revolution/EHT64.txt	0.13257575757575757	0.1553030303030303	0.45075757575757575	0.04166666666666667	0.04166666666666667	0.178030303030303
48	file:/Users/miriamthompson/Desktop/DH%20Project/Mallet/post_revolution/EHT70.txt	0.04166666666666667	0.178030303030303	0.5189393939393939	0.08712121212121213	0.1553030303030303	0.01893939393939394
49	file:/Users/miriamthompson/Desktop/DH%20Project/Mallet/post_revolution/ESB2.txt	0.23737373737373738	0.23737373737373738	0.025252525252525252	0.025252525252525252	0.4191919191919192	0.05555555555555556
50	file:/Users/miriamthompson/Desktop/DH%20Project/Mallet/post_revolution/MBS4.txt	0.11904761904761904	0.20068027210884354	0.09863945578231292	0.13945578231292516	0.05782312925170068	0.3843537414965986
51	file:/Users/miriamthompson/Desktop/DH%20Project/Mallet/post_revolution/MVHD47.txt	0.061111111111111116	0.22777777777777777	0.02777777777777778	0.09444444444444446	0.3944444444444445	0.19444444444444445
52	file:/Users/miriamthompson/Desktop/DH%20Project/Mallet/post_revolution/MVHD53.txt	0.25877192982456143	0.048245614035087724	0.07456140350877194	0.31140350877192985	0.12719298245614033	0.17982456140350878
53	file:/Users/miriamthompson/Desktop/DH%20Project/Mallet/post_revolution/MVHD84.txt	0.23049645390070922	0.16666666666666666	0.10283687943262411	0.37943262411347517	0.060283687943262415	0.060283687943262415
54	file:/Users/miriamthompson/Desktop/DH%20Project/Mallet/post_revolution/MVHD90.txt	0.09126984126984128	0.1626984126984127	0.043650793650793655	0.25793650793650796	0.11507936507936507	0.32936507936507936
55	file:/Users/miriamthompson/Desktop/DH%20Project/Mallet/post_revolution/MVHD86.txt	0.2234848484848485	0.268939393939394	0.04166666666666667	0.3143939393939394	0.13257575757575757	0.01893939393939394
56	file:/Users/miriamthompson/Desktop/DH%20Project/Mallet/post_revolution/MVHD92.txt	0.22569444444444445	0.05902777777777778	0.10069444444444443	0.2881944444444445	0.22569444444444445	0.10069444444444443
57	file:/Users/miriamthompson/Desktop/DH%20Project/Mallet/post_revolution/MVHD79.txt	0.14227642276422764	0.16666666666666666	0.0934959349593496	0.26422764227642276	0.26422764227642276	0.06910569105691057
58	file:/Users/miriamthompson/Desktop/DH%20Project/Mallet/post_revolution/MVHD45.txt	0.08095238095238096	0.08095238095238096	0.13809523809523808	0.13809523809523808	0.13809523809523808	0.4238095238095238
59	file:/Users/miriamthompson/Desktop/DH%20Project/Mallet/post_revolution/MVHD51.txt	0.36403508771929827	0.07456140350877194	0.02192982456140351	0.02192982456140351	0.39035087719298245	0.12719298245614033
60	file:/Users/miriamthompson/Desktop/DH%20Project/Mallet/post_revolution/EHT66.txt	0.09126984126984128	0.376984126984127	0.23412698412698413	0.09126984126984128	0.11507936507936507	0.09126984126984128
61	file:/Users/miriamthompson/Desktop/DH%20Project/Mallet/post_revolution/EHT72.txt	0.16319444444444445	0.1423611111111111	0.5590277777777778	0.03819444444444445	0.07986111111111112	0.017361111111111112
62	file:/Users/miriamthompson/Desktop/DH%20Project/Mallet/post_revolution/EHT73.txt	0.01893939393939394	0.5416666666666666	0.2916666666666667	0.01893939393939394	0.06439393939393939	0.06439393939393939
63	file:/Users/miriamthompson/Desktop/DH%20Project/Mallet/post_revolution/EHT67.txt	0.10283687943262411	0.1453900709219858	0.549645390070922	0.1453900709219858	0.03900709219858156	0.01773049645390071
64	file:/Users/miriamthompson/Desktop/DH%20Project/Mallet/post_revolution/ESB1.txt	0.08585858585858586	0.23737373737373738	0.025252525252525252	0.05555555555555556	0.4191919191919192	0.17676767676767677
65	file:/Users/miriamthompson/Desktop/DH%20Project/Mallet/post_revolution/MVHD50.txt	0.22649572649572652	0.021367521367521368	0.14957264957264957	0.12393162393162392	0.25213675213675213	0.22649572649572652
66	file:/Users/miriamthompson/Desktop/DH%20Project/Mallet/post_revolution/MVHD44.txt	0.01937984496124031	0.13565891472868216	0.01937984496124031	0.2751937984496124	0.3449612403100775	0.2054263565891473
67	file:/Users/miriamthompson/Desktop/DH%20Project/Mallet/post_revolution/MVHD78.txt	0.25980392156862747	0.23039215686274508	0.05392156862745098	0.05392156862745098	0.11274509803921569	0.28921568627450983
68	file:/Users/miriamthompson/Desktop/DH%20Project/Mallet/post_revolution/MVHD93.txt	0.0787037037037037	0.10648148148148148	0.0787037037037037	0.4398148148148148	0.02314814814814815	0.27314814814814814
69	file:/Users/miriamthompson/Desktop/DH%20Project/Mallet/post_revolution/MVHD87.txt	0.03741496598639456	0.15986394557823128	0.0782312925170068	0.4047619047619047	0.2414965986394558	0.0782312925170068
70	file:/Users/miriamthompson/Desktop/DH%20Project/Mallet/post_revolution/ESB15.txt	0.01851851851851852	0.1962962962962963	0.17407407407407408	0.06296296296296297	0.35185185185185186	0.1962962962962963
71	file:/Users/miriamthompson/Desktop/DH%20Project/Mallet/post_revolution/ESB29.txt	0.34684684684684686	0.15765765765765766	0.04954954954954956	0.04954954954954956	0.18468468468468469	0.21171171171171171
72	file:/Users/miriamthompson/Desktop/DH%20Project/Mallet/post_revolution/HRG2.txt	0.05448717948717949	0.13141025641025642	0.2275641025641026	0.16987179487179488	0.15064102564102563	0.266025641025641
73	file:/Users/miriamthompson/Desktop/DH%20Project/Mallet/post_revolution/MVHD23.txt	0.1626984126984127	0.1388888888888889	0.06746031746031747	0.21031746031746032	0.23412698412698413	0.1865079365079365
74	file:/Users/miriamthompson/Desktop/DH%20Project/Mallet/post_revolution/MVHD37.txt	0.01937984496124031	0.25193798449612403	0.01937984496124031	0.4147286821705426	0.2751937984496124	0.01937984496124031
75	file:/Users/miriamthompson/Desktop/DH%20Project/Mallet/post_revolution/EHT28.txt	0.08333333333333334	0.38768115942028986	0.322463768115942	0.06159420289855073	0.08333333333333334	0.06159420289855073
76	file:/Users/miriamthompson/Desktop/DH%20Project/Mallet/post_revolution/EHT14.txt	0.1074074074074074	0.1074074074074074	0.06296296296296297	0.1074074074074074	0.1962962962962963	0.4185185185185185
77	file:/Users/miriamthompson/Desktop/DH%20Project/Mallet/post_revolution/MVHD111.txt	0.4208333333333333	0.07083333333333333	0.04583333333333334	0.27083333333333337	0.17083333333333334	0.020833333333333336
78	file:/Users/miriamthompson/Desktop/DH%20Project/Mallet/post_revolution/MVHD105.txt	0.1277777777777778	0.1277777777777778	0.061111111111111116	0.49444444444444446	0.09444444444444446	0.09444444444444446
79	file:/Users/miriamthompson/Desktop/DH%20Project/Mallet/post_revolution/MVHD104.txt	0.12681159420289853	0.12681159420289853	0.06159420289855073	0.43115942028985504	0.2355072463768116	0.018115942028985508
80	file:/Users/miriamthompson/Desktop/DH%20Project/Mallet/post_revolution/MVHD110.txt	0.043650793650793655	0.21031746031746032	0.1388888888888889	0.4246031746031746	0.09126984126984128	0.09126984126984128
81	file:/Users/miriamthompson/Desktop/DH%20Project/Mallet/post_revolution/EHT15.txt	0.05782312925170068	0.3231292517006803	0.05782312925170068	0.3843537414965986	0.13945578231292516	0.03741496598639456
82	file:/Users/miriamthompson/Desktop/DH%20Project/Mallet/post_revolution/EHT29.txt	0.1289308176100629	0.29874213836477986	0.5251572327044025	0.015723270440251572	0.015723270440251572	0.015723270440251572
83	file:/Users/miriamthompson/Desktop/DH%20Project/Mallet/post_revolution/MVHD36.txt	0.16666666666666666	0.41056910569105687	0.02032520325203252	0.26422764227642276	0.0934959349593496	0.044715447154471545
84	file:/Users/miriamthompson/Desktop/DH%20Project/Mallet/post_revolution/MVHD22.txt	0.3952380952380953	0.16666666666666666	0.05238095238095238	0.08095238095238096	0.13809523809523808	0.16666666666666666
85	file:/Users/miriamthompson/Desktop/DH%20Project/Mallet/post_revolution/HRG3.txt	0.3007246376811594	0.10507246376811594	0.12681159420289853	0.25724637681159424	0.018115942028985508	0.1920289855072464
86	file:/Users/miriamthompson/Desktop/DH%20Project/Mallet/post_revolution/ESB28.txt	0.26296296296296295	0.01851851851851852	0.040740740740740744	0.06296296296296297	0.35185185185185186	0.26296296296296295
87	file:/Users/miriamthompson/Desktop/DH%20Project/Mallet/post_revolution/ESB14.txt	0.2712418300653595	0.07516339869281045	0.05555555555555556	0.05555555555555556	0.34967320261437906	0.19281045751633988
88	file:/Users/miriamthompson/Desktop/DH%20Project/Mallet/post_revolution/ESB16.txt	0.09583333333333334	0.04583333333333334	0.12083333333333332	0.07083333333333333	0.32083333333333336	0.3458333333333333
89	file:/Users/miriamthompson/Desktop/DH%20Project/Mallet/post_revolution/HRG1.txt	0.06589147286821706	0.1821705426356589	0.2984496124031008	0.06589147286821706	0.22868217054263568	0.15891472868217055
90	file:/Users/miriamthompson/Desktop/DH%20Project/Mallet/post_revolution/MVHD34.txt	0.08712121212121213	0.49621212121212116	0.10984848484848485	0.1553030303030303	0.10984848484848485	0.04166666666666667
91	file:/Users/miriamthompson/Desktop/DH%20Project/Mallet/post_revolution/MVHD20.txt	0.11616161616161616	0.025252525252525252	0.025252525252525252	0.08585858585858586	0.05555555555555556	0.6919191919191919
92	file:/Users/miriamthompson/Desktop/DH%20Project/Mallet/post_revolution/EHT17.txt	0.10606060606060605	0.1606060606060606	0.2878787878787879	0.3242424242424242	0.08787878787878788	0.03333333333333333
93	file:/Users/miriamthompson/Desktop/DH%20Project/Mallet/post_revolution/MVHD106.txt	0.17676767676767677	0.3888888888888889	0.05555555555555556	0.11616161616161616	0.025252525252525252	0.23737373737373738
94	file:/Users/miriamthompson/Desktop/DH%20Project/Mallet/post_revolution/MVHD112.txt	0.18468468468468469	0.022522522522522525	0.022522522522522525	0.31981981981981983	0.23873873873873874	0.21171171171171171
95	file:/Users/miriamthompson/Desktop/DH%20Project/Mallet/post_revolution/MVHD113.txt	0.03985507246376812	0.10507246376811594	0.12681159420289853	0.213768115942029	0.34420289855072467	0.17028985507246377
96	file:/Users/miriamthompson/Desktop/DH%20Project/Mallet/post_revolution/MVHD107.txt	0.09829059829059829	0.07264957264957266	0.22649572649572652	0.3803418803418804	0.047008547008547015	0.1752136752136752
97	file:/Users/miriamthompson/Desktop/DH%20Project/Mallet/post_revolution/EHT16.txt	0.11217948717948717	0.15064102564102563	0.3237179487179487	0.2275641025641026	0.15064102564102563	0.035256410256410256
98	file:/Users/miriamthompson/Desktop/DH%20Project/Mallet/post_revolution/MVHD21.txt	0.31140350877192985	0.15350877192982457	0.02192982456140351	0.15350877192982457	0.25877192982456143	0.10087719298245615
99	file:/Users/miriamthompson/Desktop/DH%20Project/Mallet/post_revolution/MVHD35.txt	0.06159420289855073	0.34420289855072467	0.06159420289855073	0.27898550724637683	0.213768115942029	0.03985507246376812
100	file:/Users/miriamthompson/Desktop/DH%20Project/Mallet/post_revolution/ESB17.txt	0.02032520325203252	0.02032520325203252	0.02032520325203252	0.02032520325203252	0.5081300813008129	0.41056910569105687
101	file:/Users/miriamthompson/Desktop/DH%20Project/Mallet/post_revolution/ESB13.txt	0.10360360360360361	0.07657657657657659	0.07657657657657659	0.13063063063063063	0.15765765765765766	0.4549549549549549
102	file:/Users/miriamthompson/Desktop/DH%20Project/Mallet/post_revolution/HRG4.txt	0.12424242424242424	0.03333333333333333	0.05151515151515152	0.12424242424242424	0.1787878787878788	0.48787878787878786
103	file:/Users/miriamthompson/Desktop/DH%20Project/Mallet/post_revolution/MVHD19.txt	0.02192982456140351	0.10087719298245615	0.12719298245614033	0.2850877192982456	0.31140350877192985	0.15350877192982457
104	file:/Users/miriamthompson/Desktop/DH%20Project/Mallet/post_revolution/MVHD31.txt	0.1898148148148148	0.27314814814814814	0.05092592592592593	0.0787037037037037	0.1898148148148148	0.2175925925925926
105	file:/Users/miriamthompson/Desktop/DH%20Project/Mallet/post_revolution/MVHD25.txt	0.13425925925925924	0.1898148148148148	0.13425925925925924	0.16203703703703703	0.30092592592592593	0.0787037037037037
106	file:/Users/miriamthompson/Desktop/DH%20Project/Mallet/post_revolution/MVHD9.txt	0.09126984126984128	0.09126984126984128	0.11507936507936507	0.06746031746031747	0.09126984126984128	0.5436507936507936
107	file:/Users/miriamthompson/Desktop/DH%20Project/Mallet/post_revolution/EHT12.txt	0.24213836477987422	0.29874213836477986	0.22327044025157233	0.14779874213836477	0.034591194968553465	0.05345911949685535
108	file:/Users/miriamthompson/Desktop/DH%20Project/Mallet/post_revolution/MVHD103.txt	0.20614035087719298	0.07456140350877194	0.048245614035087724	0.4166666666666667	0.10087719298245615	0.15350877192982457
109	file:/Users/miriamthompson/Desktop/DH%20Project/Mallet/post_revolution/MVHD117.txt	0.05238095238095238	0.08095238095238096	0.02380952380952381	0.4523809523809524	0.19523809523809524	0.19523809523809524
110	file:/Users/miriamthompson/Desktop/DH%20Project/Mallet/post_revolution/MVHD116.txt	0.02380952380952381	0.05238095238095238	0.05238095238095238	0.5095238095238095	0.28095238095238095	0.08095238095238096
111	file:/Users/miriamthompson/Desktop/DH%20Project/Mallet/post_revolution/MVHD102.txt	0.27083333333333337	0.07083333333333333	0.020833333333333336	0.5708333333333333	0.04583333333333334	0.020833333333333336
112	file:/Users/miriamthompson/Desktop/DH%20Project/Mallet/post_revolution/EHT13.txt	0.08914728682170543	0.2054263565891473	0.06589147286821706	0.4147286821705426	0.06589147286821706	0.15891472868217055
113	file:/Users/miriamthompson/Desktop/DH%20Project/Mallet/post_revolution/MVHD8.txt	0.043650793650793655	0.496031746031746	0.019841269841269844	0.1388888888888889	0.1388888888888889	0.1626984126984127
114	file:/Users/miriamthompson/Desktop/DH%20Project/Mallet/post_revolution/MVHD24.txt	0.040740740740740744	0.1962962962962963	0.06296296296296297	0.4185185185185185	0.08518518518518518	0.1962962962962963
115	file:/Users/miriamthompson/Desktop/DH%20Project/Mallet/post_revolution/MVHD30.txt	0.35984848484848486	0.08712121212121213	0.01893939393939394	0.13257575757575757	0.20075757575757577	0.20075757575757577
116	file:/Users/miriamthompson/Desktop/DH%20Project/Mallet/post_revolution/MVHD18.txt	0.08585858585858586	0.17676767676767677	0.025252525252525252	0.14646464646464646	0.23737373737373738	0.3282828282828283
117	file:/Users/miriamthompson/Desktop/DH%20Project/Mallet/post_revolution/ESB12.txt	0.13945578231292516	0.05782312925170068	0.017006802721088437	0.0782312925170068	0.2414965986394558	0.4659863945578231
118	file:/Users/miriamthompson/Desktop/DH%20Project/Mallet/post_revolution/ESB38.txt	0.1821705426356589	0.01937984496124031	0.01937984496124031	0.06589147286821706	0.32170542635658916	0.39147286821705424
119	file:/Users/miriamthompson/Desktop/DH%20Project/Mallet/post_revolution/ESB10.txt	0.07657657657657659	0.04954954954954956	0.07657657657657659	0.022522522522522525	0.34684684684684686	0.42792792792792794
120	file:/Users/miriamthompson/Desktop/DH%20Project/Mallet/post_revolution/MVHD26.txt	0.30341880341880345	0.021367521367521368	0.021367521367521368	0.405982905982906	0.021367521367521368	0.22649572649572652
121	file:/Users/miriamthompson/Desktop/DH%20Project/Mallet/post_revolution/MVHD32.txt	0.01773049645390071	0.12411347517730496	0.01773049645390071	0.08156028368794327	0.10283687943262411	0.6560283687943262
122	file:/Users/miriamthompson/Desktop/DH%20Project/Mallet/post_revolution/EHT11.txt	0.24213836477987422	0.18553459119496857	0.22327044025157233	0.07232704402515723	0.034591194968553465	0.24213836477987422
123	file:/Users/miriamthompson/Desktop/DH%20Project/Mallet/post_revolution/EHT39.txt	0.06439393939393939	0.268939393939394	0.45075757575757575	0.13257575757575757	0.04166666666666667	0.04166666666666667
124	file:/Users/miriamthompson/Desktop/DH%20Project/Mallet/post_revolution/MVHD114.txt	0.16666666666666666	0.08156028368794327	0.18794326241134754	0.46453900709219853	0.03900709219858156	0.060283687943262415
125	file:/Users/miriamthompson/Desktop/DH%20Project/Mallet/post_revolution/MVHD100.txt	0.2984496124031008	0.1821705426356589	0.04263565891472869	0.2984496124031008	0.11240310077519379	0.06589147286821706
126	file:/Users/miriamthompson/Desktop/DH%20Project/Mallet/post_revolution/MVHD101.txt	0.1626984126984127	0.06746031746031747	0.019841269841269844	0.4246031746031746	0.06746031746031747	0.25793650793650796
127	file:/Users/miriamthompson/Desktop/DH%20Project/Mallet/post_revolution/MVHD115.txt	0.17261904761904762	0.06547619047619048	0.06547619047619048	0.49404761904761907	0.13690476190476192	0.06547619047619048
128	file:/Users/miriamthompson/Desktop/DH%20Project/Mallet/post_revolution/EHT38.txt	0.01937984496124031	0.2054263565891473	0.5310077519379844	0.15891472868217055	0.06589147286821706	0.01937984496124031
129	file:/Users/miriamthompson/Desktop/DH%20Project/Mallet/post_revolution/EHT10.txt	0.2191358024691358	0.14506172839506173	0.05246913580246914	0.2932098765432099	0.18209876543209877	0.10802469135802469
130	file:/Users/miriamthompson/Desktop/DH%20Project/Mallet/post_revolution/MVHD33.txt	0.08712121212121213	0.178030303030303	0.06439393939393939	0.2234848484848485	0.178030303030303	0.268939393939394
131	file:/Users/miriamthompson/Desktop/DH%20Project/Mallet/post_revolution/MVHD27.txt	0.2851851851851852	0.01851851851851852	0.08518518518518518	0.21851851851851853	0.040740740740740744	0.35185185185185186
132	file:/Users/miriamthompson/Desktop/DH%20Project/Mallet/post_revolution/ESB11.txt	0.23333333333333334	0.10606060606060605	0.03333333333333333	0.0696969696969697	0.3424242424242424	0.21515151515151515
133	file:/Users/miriamthompson/Desktop/DH%20Project/Mallet/post_revolution/ESB39.txt	0.09829059829059829	0.07264957264957266	0.021367521367521368	0.047008547008547015	0.3547008547008547	0.405982905982906
134	file:/Users/miriamthompson/Desktop/DH%20Project/Mallet/post_revolution/ESB20.txt	0.178030303030303	0.04166666666666667	0.01893939393939394	0.01893939393939394	0.268939393939394	0.47348484848484845
135	file:/Users/miriamthompson/Desktop/DH%20Project/Mallet/post_revolution/ESB34.txt	0.08950617283950617	0.08950617283950617	0.10802469135802469	0.03395061728395062	0.441358024691358	0.23765432098765432
136	file:/Users/miriamthompson/Desktop/DH%20Project/Mallet/post_revolution/MVHD16.txt	0.07264957264957266	0.405982905982906	0.021367521367521368	0.25213675213675213	0.14957264957264957	0.09829059829059829
137	file:/Users/miriamthompson/Desktop/DH%20Project/Mallet/post_revolution/MVHD6.txt	0.0934959349593496	0.31300813008130085	0.02032520325203252	0.14227642276422764	0.26422764227642276	0.16666666666666666
138	file:/Users/miriamthompson/Desktop/DH%20Project/Mallet/post_revolution/EHT21.txt	0.06159420289855073	0.10507246376811594	0.25724637681159424	0.3659420289855072	0.10507246376811594	0.10507246376811594
139	file:/Users/miriamthompson/Desktop/DH%20Project/Mallet/post_revolution/EHT35.txt	0.08712121212121213	0.24621212121212122	0.49621212121212116	0.04166666666666667	0.08712121212121213	0.04166666666666667
140	file:/Users/miriamthompson/Desktop/DH%20Project/Mallet/post_revolution/MVHD118.txt	0.07657657657657659	0.022522522522522525	0.07657657657657659	0.34684684684684686	0.23873873873873874	0.23873873873873874
141	file:/Users/miriamthompson/Desktop/DH%20Project/Mallet/post_revolution/MVHD119.txt	0.047008547008547015	0.14957264957264957	0.09829059829059829	0.5341880341880342	0.12393162393162392	0.047008547008547015
142	file:/Users/miriamthompson/Desktop/DH%20Project/Mallet/post_revolution/EHT34.txt	0.08518518518518518	0.21851851851851853	0.21851851851851853	0.1962962962962963	0.12962962962962962	0.15185185185185185
143	file:/Users/miriamthompson/Desktop/DH%20Project/Mallet/post_revolution/EHT20.txt	0.1821705426356589	0.08914728682170543	0.1821705426356589	0.1821705426356589	0.01937984496124031	0.3449612403100775
144	file:/Users/miriamthompson/Desktop/DH%20Project/Mallet/post_revolution/MVHD7.txt	0.043650793650793655	0.4722222222222222	0.019841269841269844	0.1626984126984127	0.1388888888888889	0.1626984126984127
145	file:/Users/miriamthompson/Desktop/DH%20Project/Mallet/post_revolution/MVHD17.txt	0.07083333333333333	0.09583333333333334	0.020833333333333336	0.4208333333333333	0.14583333333333331	0.24583333333333335
146	file:/Users/miriamthompson/Desktop/DH%20Project/Mallet/post_revolution/ESB35.txt	0.26296296296296295	0.06296296296296297	0.06296296296296297	0.08518518518518518	0.1962962962962963	0.32962962962962966
147	file:/Users/miriamthompson/Desktop/DH%20Project/Mallet/post_revolution/ESB21.txt	0.22868217054263568	0.04263565891472869	0.04263565891472869	0.04263565891472869	0.32170542635658916	0.32170542635658916
148	file:/Users/miriamthompson/Desktop/DH%20Project/Mallet/post_revolution/ESB37.txt	0.5095238095238095	0.05238095238095238	0.02380952380952381	0.02380952380952381	0.28095238095238095	0.10952380952380952
149	file:/Users/miriamthompson/Desktop/DH%20Project/Mallet/post_revolution/ESB23.txt	0.32083333333333336	0.12083333333333332	0.12083333333333332	0.17083333333333334	0.24583333333333335	0.020833333333333336
150	file:/Users/miriamthompson/Desktop/DH%20Project/Mallet/post_revolution/MVHD15.txt	0.03985507246376812	0.1920289855072464	0.12681159420289853	0.12681159420289853	0.213768115942029	0.3007246376811594
151	file:/Users/miriamthompson/Desktop/DH%20Project/Mallet/post_revolution/MVHD29.txt	0.1962962962962963	0.26296296296296295	0.06296296296296297	0.040740740740740744	0.21851851851851853	0.21851851851851853
152	file:/Users/miriamthompson/Desktop/DH%20Project/Mallet/post_revolution/MVHD5.txt	0.26576576576576577	0.15765765765765766	0.022522522522522525	0.04954954954954956	0.31981981981981983	0.18468468468468469
153	file:/Users/miriamthompson/Desktop/DH%20Project/Mallet/post_revolution/EHT36.txt	0.017361111111111112	0.2673611111111111	0.1423611111111111	0.43402777777777773	0.05902777777777778	0.07986111111111112
154	file:/Users/miriamthompson/Desktop/DH%20Project/Mallet/post_revolution/EHT22.txt	0.03333333333333333	0.10606060606060605	0.1787878787878788	0.30606060606060603	0.08787878787878788	0.2878787878787879
155	file:/Users/miriamthompson/Desktop/DH%20Project/Mallet/post_revolution/EHT23.txt	0.13945578231292516	0.017006802721088437	0.15986394557823128	0.445578231292517	0.18027210884353742	0.05782312925170068
156	file:/Users/miriamthompson/Desktop/DH%20Project/Mallet/post_revolution/EHT37.txt	0.017361111111111112	0.2673611111111111	0.3090277777777778	0.20486111111111113	0.16319444444444445	0.03819444444444445
157	file:/Users/miriamthompson/Desktop/DH%20Project/Mallet/post_revolution/MVHD4.txt	0.20085470085470084	0.20085470085470084	0.021367521367521368	0.3547008547008547	0.1752136752136752	0.047008547008547015
158	file:/Users/miriamthompson/Desktop/DH%20Project/Mallet/post_revolution/MVHD28.txt	0.21171171171171171	0.13063063063063063	0.022522522522522525	0.31981981981981983	0.022522522522522525	0.2927927927927928
159	file:/Users/miriamthompson/Desktop/DH%20Project/Mallet/post_revolution/MVHD14.txt	0.18910256410256412	0.05448717948717949	0.266025641025641	0.20833333333333334	0.13141025641025642	0.15064102564102563
160	file:/Users/miriamthompson/Desktop/DH%20Project/Mallet/post_revolution/ESB22.txt	0.1920289855072464	0.06159420289855073	0.08333333333333334	0.17028985507246377	0.3659420289855072	0.12681159420289853
161	file:/Users/miriamthompson/Desktop/DH%20Project/Mallet/post_revolution/ESB36.txt	0.32962962962962966	0.040740740740740744	0.040740740740740744	0.01851851851851852	0.39629629629629626	0.17407407407407408
162	file:/Users/miriamthompson/Desktop/DH%20Project/Mallet/post_revolution/ESB32.txt	0.10952380952380952	0.02380952380952381	0.02380952380952381	0.05238095238095238	0.3380952380952381	0.4523809523809524
163	file:/Users/miriamthompson/Desktop/DH%20Project/Mallet/post_revolution/ESB26.txt	0.0934959349593496	0.23983739837398377	0.16666666666666666	0.044715447154471545	0.2886178861788618	0.16666666666666666
164	file:/Users/miriamthompson/Desktop/DH%20Project/Mallet/post_revolution/MVHD38.txt	0.09294871794871794	0.4006410256410256	0.05448717948717949	0.18910256410256412	0.20833333333333334	0.05448717948717949
165	file:/Users/miriamthompson/Desktop/DH%20Project/Mallet/post_revolution/MVHD10.txt	0.09829059829059829	0.20085470085470084	0.047008547008547015	0.14957264957264957	0.021367521367521368	0.48290598290598286
166	file:/Users/miriamthompson/Desktop/DH%20Project/Mallet/post_revolution/EHT33.txt	0.24074074074074076	0.21851851851851853	0.3074074074074074	0.08518518518518518	0.040740740740740744	0.1074074074074074
167	file:/Users/miriamthompson/Desktop/DH%20Project/Mallet/post_revolution/EHT27.txt	0.2467948717948718	0.4006410256410256	0.266025641025641	0.035256410256410256	0.035256410256410256	0.016025641025641028
168	file:/Users/miriamthompson/Desktop/DH%20Project/Mallet/post_revolution/EHT26.txt	0.04263565891472869	0.2054263565891473	0.2984496124031008	0.1821705426356589	0.2054263565891473	0.06589147286821706
169	file:/Users/miriamthompson/Desktop/DH%20Project/Mallet/post_revolution/EHT32.txt	0.04166666666666667	0.1553030303030303	0.24621212121212122	0.33712121212121215	0.1553030303030303	0.06439393939393939
170	file:/Users/miriamthompson/Desktop/DH%20Project/Mallet/post_revolution/MVHD1.txt	0.1388888888888889	0.06746031746031747	0.019841269841269844	0.32936507936507936	0.1626984126984127	0.28174603174603174
171	file:/Users/miriamthompson/Desktop/DH%20Project/Mallet/post_revolution/MVHD11.txt	0.061111111111111116	0.02777777777777778	0.02777777777777778	0.19444444444444445	0.19444444444444445	0.49444444444444446
172	file:/Users/miriamthompson/Desktop/DH%20Project/Mallet/post_revolution/MVHD39.txt	0.06159420289855073	0.25724637681159424	0.03985507246376812	0.2355072463768116	0.3007246376811594	0.10507246376811594
173	file:/Users/miriamthompson/Desktop/DH%20Project/Mallet/post_revolution/ESB27.txt	0.09444444444444446	0.061111111111111116	0.061111111111111116	0.061111111111111116	0.2611111111111111	0.46111111111111114
174	file:/Users/miriamthompson/Desktop/DH%20Project/Mallet/post_revolution/ESB33.txt	0.26422764227642276	0.02032520325203252	0.02032520325203252	0.14227642276422764	0.31300813008130085	0.23983739837398377
175	file:/Users/miriamthompson/Desktop/DH%20Project/Mallet/post_revolution/ESB19.txt	0.03395061728395062	0.16358024691358025	0.18209876543209877	0.05246913580246914	0.25617283950617287	0.3117283950617284
176	file:/Users/miriamthompson/Desktop/DH%20Project/Mallet/post_revolution/ESB25.txt	0.173202614379085	0.09477124183006536	0.42810457516339867	0.07516339869281045	0.15359477124183005	0.07516339869281045
177	file:/Users/miriamthompson/Desktop/DH%20Project/Mallet/post_revolution/ESB31.txt	0.29583333333333334	0.09583333333333334	0.04583333333333334	0.04583333333333334	0.27083333333333337	0.24583333333333335
178	file:/Users/miriamthompson/Desktop/DH%20Project/Mallet/post_revolution/MVHD13.txt	0.01937984496124031	0.2054263565891473	0.01937984496124031	0.22868217054263568	0.2054263565891473	0.32170542635658916
179	file:/Users/miriamthompson/Desktop/DH%20Project/Mallet/post_revolution/MVHD3.txt	0.025252525252525252	0.17676767676767677	0.025252525252525252	0.23737373737373738	0.08585858585858586	0.4494949494949495
180	file:/Users/miriamthompson/Desktop/DH%20Project/Mallet/post_revolution/EHT24.txt	0.06746031746031747	0.25793650793650796	0.1865079365079365	0.25793650793650796	0.09126984126984128	0.1388888888888889
181	file:/Users/miriamthompson/Desktop/DH%20Project/Mallet/post_revolution/EHT30.txt	0.33666666666666667	0.25666666666666665	0.2966666666666667	0.03666666666666667	0.016666666666666666	0.05666666666666667
182	file:/Users/miriamthompson/Desktop/DH%20Project/Mallet/post_revolution/EHT18.txt	0.060283687943262415	0.10283687943262411	0.3581560283687943	0.2517730496453901	0.08156028368794327	0.1453900709219858
183	file:/Users/miriamthompson/Desktop/DH%20Project/Mallet/post_revolution/MVHD121.txt	0.05729166666666667	0.026041666666666668	0.026041666666666668	0.11979166666666667	0.15104166666666666	0.6197916666666666
184	file:/Users/miriamthompson/Desktop/DH%20Project/Mallet/post_revolution/MVHD109.txt	0.09444444444444446	0.22777777777777777	0.1611111111111111	0.4277777777777778	0.02777777777777778	0.061111111111111116
185	file:/Users/miriamthompson/Desktop/DH%20Project/Mallet/post_revolution/MVHD108.txt	0.21031746031746032	0.06746031746031747	0.09126984126984128	0.496031746031746	0.09126984126984128	0.043650793650793655
186	file:/Users/miriamthompson/Desktop/DH%20Project/Mallet/post_revolution/MVHD120.txt	0.047008547008547015	0.14957264957264957	0.021367521367521368	0.4316239316239316	0.021367521367521368	0.32905982905982906
187	file:/Users/miriamthompson/Desktop/DH%20Project/Mallet/post_revolution/EHT19.txt	0.1787878787878788	0.12424242424242424	0.1606060606060606	0.4151515151515151	0.0696969696969697	0.05151515151515152
188	file:/Users/miriamthompson/Desktop/DH%20Project/Mallet/post_revolution/EHT31.txt	0.15986394557823128	0.3231292517006803	0.18027210884353742	0.15986394557823128	0.11904761904761904	0.05782312925170068
189	file:/Users/miriamthompson/Desktop/DH%20Project/Mallet/post_revolution/EHT25.txt	0.06746031746031747	0.043650793650793655	0.1626984126984127	0.3531746031746032	0.1626984126984127	0.21031746031746032
190	file:/Users/miriamthompson/Desktop/DH%20Project/Mallet/post_revolution/MVHD2.txt	0.047008547008547015	0.2777777777777778	0.22649572649572652	0.021367521367521368	0.14957264957264957	0.2777777777777778
191	file:/Users/miriamthompson/Desktop/DH%20Project/Mallet/post_revolution/MVHD12.txt	0.23245614035087722	0.17982456140350878	0.02192982456140351	0.02192982456140351	0.15350877192982457	0.39035087719298245
192	file:/Users/miriamthompson/Desktop/DH%20Project/Mallet/post_revolution/ESB30.txt	0.02380952380952381	0.08095238095238096	0.08095238095238096	0.05238095238095238	0.28095238095238095	0.4809523809523809
193	file:/Users/miriamthompson/Desktop/DH%20Project/Mallet/post_revolution/ESB24.txt	0.14242424242424243	0.08787878787878788	0.3242424242424242	0.03333333333333333	0.30606060606060603	0.10606060606060605
194	file:/Users/miriamthompson/Desktop/DH%20Project/Mallet/post_revolution/ESB18.txt	0.32083333333333336	0.020833333333333336	0.09583333333333334	0.020833333333333336	0.19583333333333333	0.3458333333333333
195	file:/Users/miriamthompson/Desktop/DH%20Project/Mallet/post_revolution/MVHD61.txt	0.10360360360360361	0.07657657657657659	0.13063063063063063	0.31981981981981983	0.13063063063063063	0.23873873873873874
