0	file:/Users/miriamthompson/Desktop/DH%20Project/Mallet/post_revolution/MVHD83.txt	0.041666666666666664	0.016025641025641024	0.4519230769230769	0.016025641025641024	0.22115384615384615	0.16987179487179488	0.0673076923076923	0.016025641025641024
1	file:/Users/miriamthompson/Desktop/DH%20Project/Mallet/post_revolution/MVHD97.txt	0.017857142857142856	0.10357142857142858	0.21785714285714286	0.04642857142857143	0.44642857142857145	0.017857142857142856	0.10357142857142858	0.04642857142857143
2	file:/Users/miriamthompson/Desktop/DH%20Project/Mallet/post_revolution/MVHD40.txt	0.031862745098039214	0.30637254901960786	0.12990196078431374	0.012254901960784314	0.051470588235294115	0.26715686274509803	0.051470588235294115	0.14950980392156862
3	file:/Users/miriamthompson/Desktop/DH%20Project/Mallet/post_revolution/MVHD54.txt	0.14402173913043478	0.07880434782608696	0.01358695652173913	0.296195652173913	0.16576086956521738	0.057065217391304345	0.20923913043478262	0.035326086956521736
4	file:/Users/miriamthompson/Desktop/DH%20Project/Mallet/post_revolution/MVHD68.txt	0.017857142857142856	0.16071428571428573	0.16071428571428573	0.017857142857142856	0.33214285714285713	0.24642857142857144	0.04642857142857143	0.017857142857142856
5	file:/Users/miriamthompson/Desktop/DH%20Project/Mallet/post_revolution/MBS3.txt	0.09375	0.027083333333333334	0.09375	0.24375	0.027083333333333334	0.07708333333333334	0.16041666666666668	0.27708333333333335
6	file:/Users/miriamthompson/Desktop/DH%20Project/Mallet/post_revolution/EHT8.txt	0.041666666666666664	0.016025641025641024	0.1955128205128205	0.09294871794871795	0.5801282051282052	0.041666666666666664	0.016025641025641024	0.016025641025641024
7	file:/Users/miriamthompson/Desktop/DH%20Project/Mallet/post_revolution/ESB5.txt	0.017857142857142856	0.04642857142857143	0.04642857142857143	0.21785714285714286	0.10357142857142858	0.075	0.44642857142857145	0.04642857142857143
8	file:/Users/miriamthompson/Desktop/DH%20Project/Mallet/post_revolution/EHT63.txt	0.012254901960784314	0.11029411764705882	0.051470588235294115	0.16911764705882354	0.012254901960784314	0.14950980392156862	0.11029411764705882	0.38480392156862747
9	file:/Users/miriamthompson/Desktop/DH%20Project/Mallet/post_revolution/EHT77.txt	0.08055555555555556	0.058333333333333334	0.013888888888888888	0.10277777777777777	0.013888888888888888	0.013888888888888888	0.125	0.5916666666666667
10	file:/Users/miriamthompson/Desktop/DH%20Project/Mallet/post_revolution/EHT76.txt	0.1308139534883721	0.061046511627906974	0.0377906976744186	0.0377906976744186	0.061046511627906974	0.34011627906976744	0.2238372093023256	0.10755813953488372
11	file:/Users/miriamthompson/Desktop/DH%20Project/Mallet/post_revolution/EHT62.txt	0.01201923076923077	0.01201923076923077	0.03125	0.12740384615384615	0.06971153846153846	0.12740384615384615	0.01201923076923077	0.6081730769230769
12	file:/Users/miriamthompson/Desktop/DH%20Project/Mallet/post_revolution/ESB4.txt	0.05603448275862069	0.021551724137931036	0.09051724137931035	0.09051724137931035	0.021551724137931036	0.021551724137931036	0.6767241379310345	0.021551724137931036
13	file:/Users/miriamthompson/Desktop/DH%20Project/Mallet/post_revolution/EHT9.txt	0.39166666666666666	0.03611111111111111	0.10277777777777777	0.03611111111111111	0.013888888888888888	0.3472222222222222	0.058333333333333334	0.013888888888888888
14	file:/Users/miriamthompson/Desktop/DH%20Project/Mallet/post_revolution/MBS2.txt	0.09068627450980392	0.012254901960784314	0.12990196078431374	0.26715686274509803	0.11029411764705882	0.24754901960784315	0.12990196078431374	0.012254901960784314
15	file:/Users/miriamthompson/Desktop/DH%20Project/Mallet/post_revolution/MVHD69.txt	0.057065217391304345	0.25271739130434784	0.01358695652173913	0.33967391304347827	0.035326086956521736	0.23097826086956522	0.035326086956521736	0.035326086956521736
16	file:/Users/miriamthompson/Desktop/DH%20Project/Mallet/post_revolution/MVHD55.txt	0.07552083333333333	0.3463541666666667	0.13802083333333334	0.07552083333333333	0.2421875	0.033854166666666664	0.033854166666666664	0.0546875
17	file:/Users/miriamthompson/Desktop/DH%20Project/Mallet/post_revolution/MVHD41.txt	0.01524390243902439	0.551829268292683	0.01524390243902439	0.08841463414634146	0.11280487804878049	0.039634146341463415	0.13719512195121952	0.039634146341463415
18	file:/Users/miriamthompson/Desktop/DH%20Project/Mallet/post_revolution/MVHD96.txt	0.075	0.04642857142857143	0.3607142857142857	0.075	0.3607142857142857	0.017857142857142856	0.017857142857142856	0.04642857142857143
19	file:/Users/miriamthompson/Desktop/DH%20Project/Mallet/post_revolution/MVHD82.txt	0.1284722222222222	0.017361111111111112	0.4340277777777778	0.04513888888888889	0.1284722222222222	0.04513888888888889	0.07291666666666667	0.1284722222222222
20	file:/Users/miriamthompson/Desktop/DH%20Project/Mallet/post_revolution/MVHD94.txt	0.016025641025641024	0.375	0.11858974358974358	0.1955128205128205	0.09294871794871795	0.11858974358974358	0.0673076923076923	0.016025641025641024
21	file:/Users/miriamthompson/Desktop/DH%20Project/Mallet/post_revolution/MVHD80.txt	0.041666666666666664	0.16987179487179488	0.5032051282051282	0.11858974358974358	0.041666666666666664	0.041666666666666664	0.016025641025641024	0.0673076923076923
22	file:/Users/miriamthompson/Desktop/DH%20Project/Mallet/post_revolution/MVHD57.txt	0.14423076923076922	0.1955128205128205	0.1955128205128205	0.16987179487179488	0.0673076923076923	0.016025641025641024	0.14423076923076922	0.0673076923076923
23	file:/Users/miriamthompson/Desktop/DH%20Project/Mallet/post_revolution/MVHD43.txt	0.036931818181818184	0.42329545454545453	0.014204545454545454	0.014204545454545454	0.33238636363636365	0.10511363636363637	0.05965909090909091	0.014204545454545454
24	file:/Users/miriamthompson/Desktop/DH%20Project/Mallet/post_revolution/ESB6.txt	0.05585106382978723	0.034574468085106384	0.013297872340425532	0.09840425531914894	0.034574468085106384	0.09840425531914894	0.5877659574468085	0.07712765957446809
25	file:/Users/miriamthompson/Desktop/DH%20Project/Mallet/post_revolution/EHT48.txt	0.014204545454545454	0.014204545454545454	0.15056818181818182	0.036931818181818184	0.05965909090909091	0.10511363636363637	0.036931818181818184	0.5823863636363636
26	file:/Users/miriamthompson/Desktop/DH%20Project/Mallet/post_revolution/EHT74.txt	0.09840425531914894	0.05585106382978723	0.013297872340425532	0.09840425531914894	0.07712765957446809	0.034574468085106384	0.05585106382978723	0.5664893617021277
27	file:/Users/miriamthompson/Desktop/DH%20Project/Mallet/post_revolution/EHT60.txt	0.1171875	0.013020833333333334	0.13802083333333334	0.13802083333333334	0.033854166666666664	0.033854166666666664	0.033854166666666664	0.4921875
28	file:/Users/miriamthompson/Desktop/DH%20Project/Mallet/post_revolution/EHT61.txt	0.016025641025641024	0.041666666666666664	0.0673076923076923	0.041666666666666664	0.16987179487179488	0.16987179487179488	0.0673076923076923	0.42628205128205127
29	file:/Users/miriamthompson/Desktop/DH%20Project/Mallet/post_revolution/EHT75.txt	0.01358695652173913	0.12228260869565218	0.035326086956521736	0.07880434782608696	0.057065217391304345	0.38315217391304346	0.01358695652173913	0.296195652173913
30	file:/Users/miriamthompson/Desktop/DH%20Project/Mallet/post_revolution/EHT49.txt	0.013297872340425532	0.034574468085106384	0.034574468085106384	0.1196808510638298	0.034574468085106384	0.034574468085106384	0.034574468085106384	0.6941489361702128
31	file:/Users/miriamthompson/Desktop/DH%20Project/Mallet/post_revolution/ESB7.txt	0.05585106382978723	0.013297872340425532	0.14095744680851063	0.31117021276595747	0.013297872340425532	0.14095744680851063	0.1622340425531915	0.1622340425531915
32	file:/Users/miriamthompson/Desktop/DH%20Project/Mallet/post_revolution/MBS1.txt	0.031862745098039214	0.09068627450980392	0.031862745098039214	0.5024509803921569	0.09068627450980392	0.012254901960784314	0.22794117647058823	0.012254901960784314
33	file:/Users/miriamthompson/Desktop/DH%20Project/Mallet/post_revolution/MVHD42.txt	0.21875	0.19602272727272727	0.1278409090909091	0.17329545454545456	0.17329545454545456	0.014204545454545454	0.014204545454545454	0.08238636363636363
34	file:/Users/miriamthompson/Desktop/DH%20Project/Mallet/post_revolution/MVHD56.txt	0.08238636363636363	0.26420454545454547	0.15056818181818182	0.014204545454545454	0.3096590909090909	0.10511363636363637	0.05965909090909091	0.014204545454545454
35	file:/Users/miriamthompson/Desktop/DH%20Project/Mallet/post_revolution/MVHD81.txt	0.03611111111111111	0.21388888888888888	0.39166666666666666	0.013888888888888888	0.16944444444444445	0.013888888888888888	0.013888888888888888	0.14722222222222223
36	file:/Users/miriamthompson/Desktop/DH%20Project/Mallet/post_revolution/MVHD95.txt	0.08841463414634146	0.600609756097561	0.01524390243902439	0.01524390243902439	0.16158536585365854	0.06402439024390244	0.039634146341463415	0.01524390243902439
37	file:/Users/miriamthompson/Desktop/DH%20Project/Mallet/post_revolution/MVHD91.txt	0.013297872340425532	0.1622340425531915	0.013297872340425532	0.013297872340425532	0.4601063829787234	0.2047872340425532	0.07712765957446809	0.05585106382978723
38	file:/Users/miriamthompson/Desktop/DH%20Project/Mallet/post_revolution/MVHD85.txt	0.016891891891891893	0.07094594594594594	0.4222972972972973	0.016891891891891893	0.20608108108108109	0.20608108108108109	0.04391891891891892	0.016891891891891893
39	file:/Users/miriamthompson/Desktop/DH%20Project/Mallet/post_revolution/MVHD52.txt	0.04276315789473684	0.22697368421052633	0.20065789473684212	0.06907894736842106	0.14802631578947367	0.20065789473684212	0.09539473684210527	0.01644736842105263
40	file:/Users/miriamthompson/Desktop/DH%20Project/Mallet/post_revolution/MVHD46.txt	0.31117021276595747	0.05585106382978723	0.18351063829787234	0.07712765957446809	0.22606382978723405	0.013297872340425532	0.013297872340425532	0.1196808510638298
41	file:/Users/miriamthompson/Desktop/DH%20Project/Mallet/post_revolution/MBS5.txt	0.08055555555555556	0.058333333333333334	0.03611111111111111	0.3472222222222222	0.10277777777777777	0.03611111111111111	0.325	0.013888888888888888
42	file:/Users/miriamthompson/Desktop/DH%20Project/Mallet/post_revolution/ESB3.txt	0.05241935483870968	0.11693548387096774	0.020161290322580645	0.020161290322580645	0.0846774193548387	0.020161290322580645	0.6653225806451613	0.020161290322580645
43	file:/Users/miriamthompson/Desktop/DH%20Project/Mallet/post_revolution/EHT71.txt	0.012755102040816327	0.07397959183673469	0.13520408163265307	0.012755102040816327	0.03316326530612245	0.03316326530612245	0.012755102040816327	0.6862244897959183
44	file:/Users/miriamthompson/Desktop/DH%20Project/Mallet/post_revolution/EHT65.txt	0.036931818181818184	0.05965909090909091	0.08238636363636363	0.08238636363636363	0.05965909090909091	0.1278409090909091	0.05965909090909091	0.4914772727272727
45	file:/Users/miriamthompson/Desktop/DH%20Project/Mallet/post_revolution/EHT59.txt	0.07880434782608696	0.01358695652173913	0.12228260869565218	0.1875	0.035326086956521736	0.3179347826086957	0.035326086956521736	0.20923913043478262
46	file:/Users/miriamthompson/Desktop/DH%20Project/Mallet/post_revolution/EHT58.txt	0.13802083333333334	0.013020833333333334	0.0546875	0.013020833333333334	0.033854166666666664	0.2421875	0.013020833333333334	0.4921875
47	file:/Users/miriamthompson/Desktop/DH%20Project/Mallet/post_revolution/EHT64.txt	0.058333333333333334	0.08055555555555556	0.013888888888888888	0.14722222222222223	0.03611111111111111	0.14722222222222223	0.03611111111111111	0.48055555555555557
48	file:/Users/miriamthompson/Desktop/DH%20Project/Mallet/post_revolution/EHT70.txt	0.05965909090909091	0.014204545454545454	0.1278409090909091	0.014204545454545454	0.014204545454545454	0.21875	0.014204545454545454	0.5369318181818182
49	file:/Users/miriamthompson/Desktop/DH%20Project/Mallet/post_revolution/ESB2.txt	0.3522727272727273	0.10984848484848485	0.17045454545454544	0.04924242424242424	0.01893939393939394	0.04924242424242424	0.23106060606060605	0.01893939393939394
50	file:/Users/miriamthompson/Desktop/DH%20Project/Mallet/post_revolution/MBS4.txt	0.13520408163265307	0.2780612244897959	0.13520408163265307	0.1760204081632653	0.05357142857142857	0.012755102040816327	0.13520408163265307	0.07397959183673469
51	file:/Users/miriamthompson/Desktop/DH%20Project/Mallet/post_revolution/MVHD47.txt	0.11693548387096774	0.24596774193548387	0.020161290322580645	0.34274193548387094	0.0846774193548387	0.0846774193548387	0.05241935483870968	0.05241935483870968
52	file:/Users/miriamthompson/Desktop/DH%20Project/Mallet/post_revolution/MVHD53.txt	0.20065789473684212	0.04276315789473684	0.01644736842105263	0.06907894736842106	0.3059210526315789	0.01644736842105263	0.33223684210526316	0.01644736842105263
53	file:/Users/miriamthompson/Desktop/DH%20Project/Mallet/post_revolution/MVHD84.txt	0.1171875	0.033854166666666664	0.4505208333333333	0.013020833333333334	0.15885416666666666	0.033854166666666664	0.1171875	0.07552083333333333
54	file:/Users/miriamthompson/Desktop/DH%20Project/Mallet/post_revolution/MVHD90.txt	0.036931818181818184	0.15056818181818182	0.15056818181818182	0.17329545454545456	0.19602272727272727	0.10511363636363637	0.15056818181818182	0.036931818181818184
55	file:/Users/miriamthompson/Desktop/DH%20Project/Mallet/post_revolution/MVHD86.txt	0.057065217391304345	0.01358695652173913	0.36141304347826086	0.10054347826086957	0.20923913043478262	0.01358695652173913	0.14402173913043478	0.10054347826086957
56	file:/Users/miriamthompson/Desktop/DH%20Project/Mallet/post_revolution/MVHD92.txt	0.0325	0.2325	0.2525	0.1325	0.2325	0.0125	0.0325	0.0725
57	file:/Users/miriamthompson/Desktop/DH%20Project/Mallet/post_revolution/MVHD79.txt	0.08630952380952381	0.0625	0.3244047619047619	0.03869047619047619	0.41964285714285715	0.01488095238095238	0.03869047619047619	0.01488095238095238
58	file:/Users/miriamthompson/Desktop/DH%20Project/Mallet/post_revolution/MVHD45.txt	0.04513888888888889	0.1840277777777778	0.017361111111111112	0.23958333333333334	0.15625	0.07291666666666667	0.2673611111111111	0.017361111111111112
59	file:/Users/miriamthompson/Desktop/DH%20Project/Mallet/post_revolution/MVHD51.txt	0.016025641025641024	0.2467948717948718	0.09294871794871795	0.16987179487179488	0.016025641025641024	0.041666666666666664	0.32371794871794873	0.09294871794871795
60	file:/Users/miriamthompson/Desktop/DH%20Project/Mallet/post_revolution/EHT66.txt	0.01488095238095238	0.01488095238095238	0.13392857142857142	0.11011904761904762	0.01488095238095238	0.3482142857142857	0.01488095238095238	0.3482142857142857
61	file:/Users/miriamthompson/Desktop/DH%20Project/Mallet/post_revolution/EHT72.txt	0.0546875	0.3255208333333333	0.013020833333333334	0.13802083333333334	0.0546875	0.1171875	0.013020833333333334	0.2838541666666667
62	file:/Users/miriamthompson/Desktop/DH%20Project/Mallet/post_revolution/EHT73.txt	0.08238636363636363	0.08238636363636363	0.05965909090909091	0.014204545454545454	0.036931818181818184	0.26420454545454547	0.014204545454545454	0.4460227272727273
63	file:/Users/miriamthompson/Desktop/DH%20Project/Mallet/post_revolution/EHT67.txt	0.034574468085106384	0.013297872340425532	0.07712765957446809	0.034574468085106384	0.05585106382978723	0.09840425531914894	0.034574468085106384	0.651595744680851
64	file:/Users/miriamthompson/Desktop/DH%20Project/Mallet/post_revolution/ESB1.txt	0.14015151515151514	0.01893939393939394	0.04924242424242424	0.10984848484848485	0.04924242424242424	0.04924242424242424	0.5643939393939394	0.01893939393939394
65	file:/Users/miriamthompson/Desktop/DH%20Project/Mallet/post_revolution/MVHD50.txt	0.11858974358974358	0.2980769230769231	0.016025641025641024	0.16987179487179488	0.041666666666666664	0.016025641025641024	0.22115384615384615	0.11858974358974358
66	file:/Users/miriamthompson/Desktop/DH%20Project/Mallet/post_revolution/MVHD44.txt	0.1308139534883721	0.0377906976744186	0.2005813953488372	0.34011627906976744	0.014534883720930232	0.15406976744186046	0.10755813953488372	0.014534883720930232
67	file:/Users/miriamthompson/Desktop/DH%20Project/Mallet/post_revolution/MVHD78.txt	0.04513888888888889	0.3229166666666667	0.10069444444444445	0.21180555555555555	0.21180555555555555	0.017361111111111112	0.04513888888888889	0.04513888888888889
68	file:/Users/miriamthompson/Desktop/DH%20Project/Mallet/post_revolution/MVHD93.txt	0.017361111111111112	0.017361111111111112	0.07291666666666667	0.23958333333333334	0.40625	0.04513888888888889	0.15625	0.04513888888888889
69	file:/Users/miriamthompson/Desktop/DH%20Project/Mallet/post_revolution/MVHD87.txt	0.2325	0.1325	0.0325	0.0725	0.4525	0.0125	0.0125	0.0525
70	file:/Users/miriamthompson/Desktop/DH%20Project/Mallet/post_revolution/ESB15.txt	0.33967391304347827	0.296195652173913	0.035326086956521736	0.057065217391304345	0.035326086956521736	0.057065217391304345	0.16576086956521738	0.01358695652173913
71	file:/Users/miriamthompson/Desktop/DH%20Project/Mallet/post_revolution/ESB29.txt	0.016025641025641024	0.14423076923076922	0.0673076923076923	0.016025641025641024	0.22115384615384615	0.2467948717948718	0.2724358974358974	0.016025641025641024
72	file:/Users/miriamthompson/Desktop/DH%20Project/Mallet/post_revolution/HRG2.txt	0.06971153846153846	0.06971153846153846	0.06971153846153846	0.10817307692307693	0.10817307692307693	0.03125	0.3004807692307692	0.24278846153846154
73	file:/Users/miriamthompson/Desktop/DH%20Project/Mallet/post_revolution/MVHD23.txt	0.11011904761904762	0.01488095238095238	0.44345238095238093	0.0625	0.20535714285714285	0.0625	0.03869047619047619	0.0625
74	file:/Users/miriamthompson/Desktop/DH%20Project/Mallet/post_revolution/MVHD37.txt	0.10277777777777777	0.03611111111111111	0.3472222222222222	0.16944444444444445	0.28055555555555556	0.013888888888888888	0.013888888888888888	0.03611111111111111
75	file:/Users/miriamthompson/Desktop/DH%20Project/Mallet/post_revolution/EHT28.txt	0.27445652173913043	0.01358695652173913	0.035326086956521736	0.035326086956521736	0.01358695652173913	0.25271739130434784	0.057065217391304345	0.3179347826086957
76	file:/Users/miriamthompson/Desktop/DH%20Project/Mallet/post_revolution/EHT14.txt	0.03611111111111111	0.6361111111111111	0.013888888888888888	0.013888888888888888	0.058333333333333334	0.16944444444444445	0.058333333333333334	0.013888888888888888
77	file:/Users/miriamthompson/Desktop/DH%20Project/Mallet/post_revolution/MVHD111.txt	0.10755813953488372	0.1308139534883721	0.34011627906976744	0.0377906976744186	0.014534883720930232	0.10755813953488372	0.2238372093023256	0.0377906976744186
78	file:/Users/miriamthompson/Desktop/DH%20Project/Mallet/post_revolution/MVHD105.txt	0.14453125	0.01953125	0.05078125	0.05078125	0.58203125	0.01953125	0.08203125	0.05078125
79	file:/Users/miriamthompson/Desktop/DH%20Project/Mallet/post_revolution/MVHD104.txt	0.033854166666666664	0.033854166666666664	0.2630208333333333	0.09635416666666667	0.4088541666666667	0.1171875	0.033854166666666664	0.013020833333333334
80	file:/Users/miriamthompson/Desktop/DH%20Project/Mallet/post_revolution/MVHD110.txt	0.15406976744186046	0.10755813953488372	0.15406976744186046	0.1308139534883721	0.0377906976744186	0.2238372093023256	0.014534883720930232	0.17732558139534885
81	file:/Users/miriamthompson/Desktop/DH%20Project/Mallet/post_revolution/EHT15.txt	0.0125	0.0325	0.1325	0.2325	0.0725	0.3925	0.0125	0.1125
82	file:/Users/miriamthompson/Desktop/DH%20Project/Mallet/post_revolution/EHT29.txt	0.03009259259259259	0.03009259259259259	0.10416666666666667	0.011574074074074073	0.011574074074074073	0.5115740740740741	0.03009259259259259	0.2708333333333333
83	file:/Users/miriamthompson/Desktop/DH%20Project/Mallet/post_revolution/MVHD36.txt	0.3866279069767442	0.17732558139534885	0.0377906976744186	0.08430232558139535	0.1308139534883721	0.08430232558139535	0.08430232558139535	0.014534883720930232
84	file:/Users/miriamthompson/Desktop/DH%20Project/Mallet/post_revolution/MVHD22.txt	0.1840277777777778	0.23958333333333334	0.23958333333333334	0.017361111111111112	0.21180555555555555	0.04513888888888889	0.04513888888888889	0.017361111111111112
85	file:/Users/miriamthompson/Desktop/DH%20Project/Mallet/post_revolution/HRG3.txt	0.01358695652173913	0.035326086956521736	0.035326086956521736	0.14402173913043478	0.25271739130434784	0.14402173913043478	0.23097826086956522	0.14402173913043478
86	file:/Users/miriamthompson/Desktop/DH%20Project/Mallet/post_revolution/ESB28.txt	0.10277777777777777	0.058333333333333334	0.013888888888888888	0.03611111111111111	0.058333333333333334	0.03611111111111111	0.6583333333333333	0.03611111111111111
87	file:/Users/miriamthompson/Desktop/DH%20Project/Mallet/post_revolution/ESB14.txt	0.1658653846153846	0.1658653846153846	0.03125	0.05048076923076923	0.01201923076923077	0.12740384615384615	0.43509615384615385	0.01201923076923077
88	file:/Users/miriamthompson/Desktop/DH%20Project/Mallet/post_revolution/ESB16.txt	0.11011904761904762	0.13392857142857142	0.0625	0.13392857142857142	0.01488095238095238	0.08630952380952381	0.41964285714285715	0.03869047619047619
89	file:/Users/miriamthompson/Desktop/DH%20Project/Mallet/post_revolution/HRG1.txt	0.014534883720930232	0.0377906976744186	0.08430232558139535	0.061046511627906974	0.0377906976744186	0.10755813953488372	0.2936046511627907	0.3633720930232558
90	file:/Users/miriamthompson/Desktop/DH%20Project/Mallet/post_revolution/MVHD34.txt	0.5694444444444444	0.058333333333333334	0.10277777777777777	0.08055555555555556	0.058333333333333334	0.013888888888888888	0.013888888888888888	0.10277777777777777
91	file:/Users/miriamthompson/Desktop/DH%20Project/Mallet/post_revolution/MVHD20.txt	0.01893939393939394	0.04924242424242424	0.01893939393939394	0.01893939393939394	0.01893939393939394	0.01893939393939394	0.8371212121212122	0.01893939393939394
92	file:/Users/miriamthompson/Desktop/DH%20Project/Mallet/post_revolution/EHT17.txt	0.08258928571428571	0.011160714285714286	0.18973214285714285	0.13616071428571427	0.15401785714285715	0.24330357142857142	0.011160714285714286	0.171875
93	file:/Users/miriamthompson/Desktop/DH%20Project/Mallet/post_revolution/MVHD106.txt	0.01838235294117647	0.16544117647058823	0.13602941176470587	0.16544117647058823	0.4007352941176471	0.04779411764705882	0.04779411764705882	0.01838235294117647
94	file:/Users/miriamthompson/Desktop/DH%20Project/Mallet/post_revolution/MVHD112.txt	0.09797297297297297	0.09797297297297297	0.20608108108108109	0.09797297297297297	0.09797297297297297	0.016891891891891893	0.36824324324324326	0.016891891891891893
95	file:/Users/miriamthompson/Desktop/DH%20Project/Mallet/post_revolution/MVHD113.txt	0.07880434782608696	0.3179347826086957	0.07880434782608696	0.07880434782608696	0.12228260869565218	0.07880434782608696	0.12228260869565218	0.12228260869565218
96	file:/Users/miriamthompson/Desktop/DH%20Project/Mallet/post_revolution/MVHD107.txt	0.015625	0.065625	0.190625	0.140625	0.390625	0.015625	0.015625	0.165625
97	file:/Users/miriamthompson/Desktop/DH%20Project/Mallet/post_revolution/EHT16.txt	0.3004807692307692	0.03125	0.3581730769230769	0.0889423076923077	0.01201923076923077	0.12740384615384615	0.01201923076923077	0.06971153846153846
98	file:/Users/miriamthompson/Desktop/DH%20Project/Mallet/post_revolution/MVHD21.txt	0.01644736842105263	0.01644736842105263	0.04276315789473684	0.35855263157894735	0.09539473684210527	0.20065789473684212	0.2532894736842105	0.01644736842105263
99	file:/Users/miriamthompson/Desktop/DH%20Project/Mallet/post_revolution/MVHD35.txt	0.6090425531914894	0.1196808510638298	0.05585106382978723	0.05585106382978723	0.07712765957446809	0.05585106382978723	0.013297872340425532	0.013297872340425532
100	file:/Users/miriamthompson/Desktop/DH%20Project/Mallet/post_revolution/ESB17.txt	0.03869047619047619	0.08630952380952381	0.01488095238095238	0.01488095238095238	0.03869047619047619	0.01488095238095238	0.7767857142857143	0.01488095238095238
101	file:/Users/miriamthompson/Desktop/DH%20Project/Mallet/post_revolution/ESB13.txt	0.07094594594594594	0.09797297297297297	0.04391891891891892	0.016891891891891893	0.07094594594594594	0.04391891891891892	0.5844594594594594	0.07094594594594594
102	file:/Users/miriamthompson/Desktop/DH%20Project/Mallet/post_revolution/HRG4.txt	0.029545454545454545	0.011363636363636364	0.029545454545454545	0.32045454545454544	0.011363636363636364	0.04772727272727273	0.4659090909090909	0.08409090909090909
103	file:/Users/miriamthompson/Desktop/DH%20Project/Mallet/post_revolution/MVHD19.txt	0.0673076923076923	0.14423076923076922	0.0673076923076923	0.4775641025641026	0.14423076923076922	0.0673076923076923	0.016025641025641024	0.016025641025641024
104	file:/Users/miriamthompson/Desktop/DH%20Project/Mallet/post_revolution/MVHD31.txt	0.07094594594594594	0.5304054054054054	0.016891891891891893	0.17905405405405406	0.15202702702702703	0.016891891891891893	0.016891891891891893	0.016891891891891893
105	file:/Users/miriamthompson/Desktop/DH%20Project/Mallet/post_revolution/MVHD25.txt	0.21180555555555555	0.017361111111111112	0.2951388888888889	0.15625	0.1840277777777778	0.017361111111111112	0.07291666666666667	0.04513888888888889
106	file:/Users/miriamthompson/Desktop/DH%20Project/Mallet/post_revolution/MVHD9.txt	0.05965909090909091	0.24147727272727273	0.1278409090909091	0.1278409090909091	0.24147727272727273	0.036931818181818184	0.10511363636363637	0.05965909090909091
107	file:/Users/miriamthompson/Desktop/DH%20Project/Mallet/post_revolution/EHT12.txt	0.37028301886792453	0.030660377358490566	0.14386792452830188	0.01179245283018868	0.030660377358490566	0.294811320754717	0.030660377358490566	0.08726415094339622
108	file:/Users/miriamthompson/Desktop/DH%20Project/Mallet/post_revolution/MVHD103.txt	0.041666666666666664	0.0673076923076923	0.1955128205128205	0.09294871794871795	0.2724358974358974	0.016025641025641024	0.22115384615384615	0.09294871794871795
109	file:/Users/miriamthompson/Desktop/DH%20Project/Mallet/post_revolution/MVHD117.txt	0.017361111111111112	0.07291666666666667	0.10069444444444445	0.15625	0.40625	0.017361111111111112	0.21180555555555555	0.017361111111111112
110	file:/Users/miriamthompson/Desktop/DH%20Project/Mallet/post_revolution/MVHD116.txt	0.125	0.09797297297297297	0.07094594594594594	0.09797297297297297	0.5033783783783784	0.016891891891891893	0.016891891891891893	0.07094594594594594
111	file:/Users/miriamthompson/Desktop/DH%20Project/Mallet/post_revolution/MVHD102.txt	0.215625	0.240625	0.215625	0.015625	0.265625	0.015625	0.015625	0.015625
112	file:/Users/miriamthompson/Desktop/DH%20Project/Mallet/post_revolution/EHT13.txt	0.1308139534883721	0.17732558139534885	0.15406976744186046	0.061046511627906974	0.2238372093023256	0.1308139534883721	0.0377906976744186	0.08430232558139535
113	file:/Users/miriamthompson/Desktop/DH%20Project/Mallet/post_revolution/MVHD8.txt	0.6732954545454546	0.014204545454545454	0.014204545454545454	0.014204545454545454	0.21875	0.036931818181818184	0.014204545454545454	0.014204545454545454
114	file:/Users/miriamthompson/Desktop/DH%20Project/Mallet/post_revolution/MVHD24.txt	0.12228260869565218	0.14402173913043478	0.23097826086956522	0.20923913043478262	0.12228260869565218	0.035326086956521736	0.12228260869565218	0.01358695652173913
115	file:/Users/miriamthompson/Desktop/DH%20Project/Mallet/post_revolution/MVHD30.txt	0.12228260869565218	0.5570652173913043	0.057065217391304345	0.035326086956521736	0.057065217391304345	0.07880434782608696	0.07880434782608696	0.01358695652173913
116	file:/Users/miriamthompson/Desktop/DH%20Project/Mallet/post_revolution/MVHD18.txt	0.13602941176470587	0.10661764705882353	0.16544117647058823	0.22426470588235295	0.07720588235294118	0.04779411764705882	0.22426470588235295	0.01838235294117647
117	file:/Users/miriamthompson/Desktop/DH%20Project/Mallet/post_revolution/ESB12.txt	0.03316326530612245	0.05357142857142857	0.03316326530612245	0.3392857142857143	0.012755102040816327	0.05357142857142857	0.4413265306122449	0.03316326530612245
118	file:/Users/miriamthompson/Desktop/DH%20Project/Mallet/post_revolution/ESB38.txt	0.08430232558139535	0.08430232558139535	0.0377906976744186	0.0377906976744186	0.014534883720930232	0.014534883720930232	0.7122093023255814	0.014534883720930232
119	file:/Users/miriamthompson/Desktop/DH%20Project/Mallet/post_revolution/ESB10.txt	0.016891891891891893	0.07094594594594594	0.04391891891891892	0.09797297297297297	0.016891891891891893	0.016891891891891893	0.6925675675675675	0.04391891891891892
120	file:/Users/miriamthompson/Desktop/DH%20Project/Mallet/post_revolution/MVHD26.txt	0.2724358974358974	0.2467948717948718	0.16987179487179488	0.041666666666666664	0.22115384615384615	0.016025641025641024	0.016025641025641024	0.016025641025641024
121	file:/Users/miriamthompson/Desktop/DH%20Project/Mallet/post_revolution/MVHD32.txt	0.013020833333333334	0.7005208333333334	0.0546875	0.033854166666666664	0.09635416666666667	0.013020833333333334	0.0546875	0.033854166666666664
122	file:/Users/miriamthompson/Desktop/DH%20Project/Mallet/post_revolution/EHT11.txt	0.14386792452830188	0.21933962264150944	0.14386792452830188	0.23820754716981132	0.01179245283018868	0.125	0.049528301886792456	0.06839622641509434
123	file:/Users/miriamthompson/Desktop/DH%20Project/Mallet/post_revolution/EHT39.txt	0.013888888888888888	0.08055555555555556	0.08055555555555556	0.013888888888888888	0.08055555555555556	0.08055555555555556	0.03611111111111111	0.6138888888888889
124	file:/Users/miriamthompson/Desktop/DH%20Project/Mallet/post_revolution/MVHD114.txt	0.09840425531914894	0.034574468085106384	0.18351063829787234	0.07712765957446809	0.26861702127659576	0.07712765957446809	0.05585106382978723	0.2047872340425532
125	file:/Users/miriamthompson/Desktop/DH%20Project/Mallet/post_revolution/MVHD100.txt	0.1278409090909091	0.15056818181818182	0.21875	0.014204545454545454	0.3778409090909091	0.036931818181818184	0.036931818181818184	0.036931818181818184
126	file:/Users/miriamthompson/Desktop/DH%20Project/Mallet/post_revolution/MVHD101.txt	0.014204545454545454	0.35511363636363635	0.014204545454545454	0.08238636363636363	0.4460227272727273	0.014204545454545454	0.05965909090909091	0.014204545454545454
127	file:/Users/miriamthompson/Desktop/DH%20Project/Mallet/post_revolution/MVHD115.txt	0.021551724137931036	0.09051724137931035	0.05603448275862069	0.09051724137931035	0.4698275862068966	0.05603448275862069	0.15948275862068967	0.05603448275862069
128	file:/Users/miriamthompson/Desktop/DH%20Project/Mallet/post_revolution/EHT38.txt	0.15056818181818182	0.014204545454545454	0.1278409090909091	0.10511363636363637	0.014204545454545454	0.3096590909090909	0.014204545454545454	0.26420454545454547
129	file:/Users/miriamthompson/Desktop/DH%20Project/Mallet/post_revolution/EHT10.txt	0.24772727272727274	0.2840909090909091	0.15681818181818183	0.08409090909090909	0.04772727272727273	0.13863636363636364	0.011363636363636364	0.029545454545454545
130	file:/Users/miriamthompson/Desktop/DH%20Project/Mallet/post_revolution/MVHD33.txt	0.013888888888888888	0.39166666666666666	0.25833333333333336	0.03611111111111111	0.16944444444444445	0.08055555555555556	0.013888888888888888	0.03611111111111111
131	file:/Users/miriamthompson/Desktop/DH%20Project/Mallet/post_revolution/MVHD27.txt	0.01358695652173913	0.4483695652173913	0.07880434782608696	0.12228260869565218	0.12228260869565218	0.057065217391304345	0.12228260869565218	0.035326086956521736
132	file:/Users/miriamthompson/Desktop/DH%20Project/Mallet/post_revolution/ESB11.txt	0.04772727272727273	0.375	0.011363636363636364	0.0659090909090909	0.0659090909090909	0.15681818181818183	0.15681818181818183	0.12045454545454545
133	file:/Users/miriamthompson/Desktop/DH%20Project/Mallet/post_revolution/ESB39.txt	0.165625	0.015625	0.015625	0.115625	0.140625	0.015625	0.515625	0.015625
134	file:/Users/miriamthompson/Desktop/DH%20Project/Mallet/post_revolution/ESB20.txt	0.036931818181818184	0.1278409090909091	0.014204545454545454	0.05965909090909091	0.014204545454545454	0.014204545454545454	0.71875	0.014204545454545454
135	file:/Users/miriamthompson/Desktop/DH%20Project/Mallet/post_revolution/ESB34.txt	0.2152777777777778	0.10416666666666667	0.04861111111111111	0.08564814814814815	0.011574074074074073	0.06712962962962964	0.4375	0.03009259259259259
136	file:/Users/miriamthompson/Desktop/DH%20Project/Mallet/post_revolution/MVHD16.txt	0.25914634146341464	0.039634146341463415	0.13719512195121952	0.21036585365853658	0.25914634146341464	0.039634146341463415	0.039634146341463415	0.01524390243902439
137	file:/Users/miriamthompson/Desktop/DH%20Project/Mallet/post_revolution/MVHD6.txt	0.16158536585365854	0.13719512195121952	0.039634146341463415	0.2347560975609756	0.21036585365853658	0.13719512195121952	0.06402439024390244	0.01524390243902439
138	file:/Users/miriamthompson/Desktop/DH%20Project/Mallet/post_revolution/EHT21.txt	0.1196808510638298	0.034574468085106384	0.1196808510638298	0.1196808510638298	0.1622340425531915	0.1196808510638298	0.034574468085106384	0.2898936170212766
139	file:/Users/miriamthompson/Desktop/DH%20Project/Mallet/post_revolution/EHT35.txt	0.013888888888888888	0.125	0.013888888888888888	0.013888888888888888	0.08055555555555556	0.3472222222222222	0.08055555555555556	0.325
140	file:/Users/miriamthompson/Desktop/DH%20Project/Mallet/post_revolution/MVHD118.txt	0.016891891891891893	0.17905405405405406	0.04391891891891892	0.09797297297297297	0.34121621621621623	0.07094594594594594	0.17905405405405406	0.07094594594594594
141	file:/Users/miriamthompson/Desktop/DH%20Project/Mallet/post_revolution/MVHD119.txt	0.14423076923076922	0.016025641025641024	0.016025641025641024	0.11858974358974358	0.4775641025641026	0.016025641025641024	0.041666666666666664	0.16987179487179488
142	file:/Users/miriamthompson/Desktop/DH%20Project/Mallet/post_revolution/EHT34.txt	0.03611111111111111	0.03611111111111111	0.013888888888888888	0.30277777777777776	0.058333333333333334	0.10277777777777777	0.21388888888888888	0.2361111111111111
143	file:/Users/miriamthompson/Desktop/DH%20Project/Mallet/post_revolution/EHT20.txt	0.15406976744186046	0.3866279069767442	0.0377906976744186	0.10755813953488372	0.08430232558139535	0.17732558139534885	0.0377906976744186	0.014534883720930232
144	file:/Users/miriamthompson/Desktop/DH%20Project/Mallet/post_revolution/MVHD7.txt	0.6505681818181818	0.014204545454545454	0.014204545454545454	0.014204545454545454	0.24147727272727273	0.014204545454545454	0.036931818181818184	0.014204545454545454
145	file:/Users/miriamthompson/Desktop/DH%20Project/Mallet/post_revolution/MVHD17.txt	0.21036585365853658	0.039634146341463415	0.039634146341463415	0.06402439024390244	0.5274390243902439	0.01524390243902439	0.08841463414634146	0.01524390243902439
146	file:/Users/miriamthompson/Desktop/DH%20Project/Mallet/post_revolution/ESB35.txt	0.013888888888888888	0.03611111111111111	0.03611111111111111	0.2361111111111111	0.10277777777777777	0.013888888888888888	0.5472222222222223	0.013888888888888888
147	file:/Users/miriamthompson/Desktop/DH%20Project/Mallet/post_revolution/ESB21.txt	0.014534883720930232	0.014534883720930232	0.014534883720930232	0.061046511627906974	0.08430232558139535	0.014534883720930232	0.7819767441860465	0.014534883720930232
148	file:/Users/miriamthompson/Desktop/DH%20Project/Mallet/post_revolution/ESB37.txt	0.13214285714285715	0.04642857142857143	0.04642857142857143	0.075	0.075	0.017857142857142856	0.5607142857142857	0.04642857142857143
149	file:/Users/miriamthompson/Desktop/DH%20Project/Mallet/post_revolution/ESB23.txt	0.08841463414634146	0.11280487804878049	0.039634146341463415	0.13719512195121952	0.01524390243902439	0.2347560975609756	0.28353658536585363	0.08841463414634146
150	file:/Users/miriamthompson/Desktop/DH%20Project/Mallet/post_revolution/MVHD15.txt	0.18351063829787234	0.1622340425531915	0.013297872340425532	0.18351063829787234	0.26861702127659576	0.07712765957446809	0.034574468085106384	0.07712765957446809
151	file:/Users/miriamthompson/Desktop/DH%20Project/Mallet/post_revolution/MVHD29.txt	0.10054347826086957	0.4266304347826087	0.14402173913043478	0.14402173913043478	0.057065217391304345	0.035326086956521736	0.035326086956521736	0.057065217391304345
152	file:/Users/miriamthompson/Desktop/DH%20Project/Mallet/post_revolution/MVHD5.txt	0.04391891891891892	0.07094594594594594	0.016891891891891893	0.3952702702702703	0.07094594594594594	0.04391891891891892	0.34121621621621623	0.016891891891891893
153	file:/Users/miriamthompson/Desktop/DH%20Project/Mallet/post_revolution/EHT36.txt	0.033854166666666664	0.0546875	0.1171875	0.013020833333333334	0.2421875	0.4505208333333333	0.07552083333333333	0.013020833333333334
154	file:/Users/miriamthompson/Desktop/DH%20Project/Mallet/post_revolution/EHT22.txt	0.175	0.2840909090909091	0.029545454545454545	0.22954545454545455	0.12045454545454545	0.12045454545454545	0.011363636363636364	0.029545454545454545
155	file:/Users/miriamthompson/Desktop/DH%20Project/Mallet/post_revolution/EHT23.txt	0.0125	0.0125	0.5325	0.0125	0.3525	0.0525	0.0125	0.0125
156	file:/Users/miriamthompson/Desktop/DH%20Project/Mallet/post_revolution/EHT37.txt	0.1760204081632653	0.03316326530612245	0.012755102040816327	0.03316326530612245	0.11479591836734694	0.21683673469387754	0.012755102040816327	0.4005102040816326
157	file:/Users/miriamthompson/Desktop/DH%20Project/Mallet/post_revolution/MVHD4.txt	0.2467948717948718	0.041666666666666664	0.2467948717948718	0.2724358974358974	0.0673076923076923	0.016025641025641024	0.09294871794871795	0.016025641025641024
158	file:/Users/miriamthompson/Desktop/DH%20Project/Mallet/post_revolution/MVHD28.txt	0.01644736842105263	0.14802631578947367	0.17434210526315788	0.01644736842105263	0.3059210526315789	0.06907894736842106	0.2532894736842105	0.01644736842105263
159	file:/Users/miriamthompson/Desktop/DH%20Project/Mallet/post_revolution/MVHD14.txt	0.10613207547169812	0.06839622641509434	0.18160377358490565	0.33254716981132076	0.06839622641509434	0.01179245283018868	0.030660377358490566	0.20047169811320756
160	file:/Users/miriamthompson/Desktop/DH%20Project/Mallet/post_revolution/ESB22.txt	0.01358695652173913	0.14402173913043478	0.035326086956521736	0.20923913043478262	0.12228260869565218	0.035326086956521736	0.38315217391304346	0.057065217391304345
161	file:/Users/miriamthompson/Desktop/DH%20Project/Mallet/post_revolution/ESB36.txt	0.057065217391304345	0.10054347826086957	0.035326086956521736	0.057065217391304345	0.035326086956521736	0.07880434782608696	0.6222826086956522	0.01358695652173913
162	file:/Users/miriamthompson/Desktop/DH%20Project/Mallet/post_revolution/ESB32.txt	0.075	0.017857142857142856	0.017857142857142856	0.16071428571428573	0.017857142857142856	0.017857142857142856	0.675	0.017857142857142856
163	file:/Users/miriamthompson/Desktop/DH%20Project/Mallet/post_revolution/ESB26.txt	0.18154761904761904	0.03869047619047619	0.13392857142857142	0.01488095238095238	0.13392857142857142	0.0625	0.2767857142857143	0.15773809523809523
164	file:/Users/miriamthompson/Desktop/DH%20Project/Mallet/post_revolution/MVHD38.txt	0.5120192307692307	0.05048076923076923	0.2620192307692308	0.01201923076923077	0.06971153846153846	0.01201923076923077	0.03125	0.05048076923076923
165	file:/Users/miriamthompson/Desktop/DH%20Project/Mallet/post_revolution/MVHD10.txt	0.040625	0.365625	0.065625	0.215625	0.190625	0.015625	0.015625	0.090625
166	file:/Users/miriamthompson/Desktop/DH%20Project/Mallet/post_revolution/EHT33.txt	0.058333333333333334	0.03611111111111111	0.25833333333333336	0.013888888888888888	0.03611111111111111	0.41388888888888886	0.10277777777777777	0.08055555555555556
167	file:/Users/miriamthompson/Desktop/DH%20Project/Mallet/post_revolution/EHT27.txt	0.10817307692307693	0.05048076923076923	0.1466346153846154	0.06971153846153846	0.03125	0.4735576923076923	0.01201923076923077	0.10817307692307693
168	file:/Users/miriamthompson/Desktop/DH%20Project/Mallet/post_revolution/EHT26.txt	0.1308139534883721	0.014534883720930232	0.17732558139534885	0.014534883720930232	0.10755813953488372	0.2005813953488372	0.08430232558139535	0.2703488372093023
