0	file:/Users/miriamthompson/Desktop/DH%20Project/Mallet/post_revolution/MVHD83.txt	0.04954954954954956	0.13063063063063063	0.6441441441441441	0.07657657657657659	0.022522522522522525	0.07657657657657659
1	file:/Users/miriamthompson/Desktop/DH%20Project/Mallet/post_revolution/MVHD97.txt	0.14215686274509803	0.024509803921568627	0.08333333333333334	0.14215686274509803	0.024509803921568627	0.5833333333333333
2	file:/Users/miriamthompson/Desktop/DH%20Project/Mallet/post_revolution/MVHD40.txt	0.07516339869281045	0.2124183006535948	0.15359477124183005	0.36928104575163395	0.173202614379085	0.016339869281045753
3	file:/Users/miriamthompson/Desktop/DH%20Project/Mallet/post_revolution/MVHD54.txt	0.15185185185185185	0.12962962962962962	0.12962962962962962	0.24074074074074076	0.17407407407407408	0.17407407407407408
4	file:/Users/miriamthompson/Desktop/DH%20Project/Mallet/post_revolution/MVHD68.txt	0.30952380952380953	0.02380952380952381	0.10952380952380952	0.16666666666666666	0.10952380952380952	0.28095238095238095
5	file:/Users/miriamthompson/Desktop/DH%20Project/Mallet/post_revolution/MBS3.txt	0.13055555555555556	0.24722222222222223	0.19722222222222224	0.2138888888888889	0.1638888888888889	0.04722222222222223
6	file:/Users/miriamthompson/Desktop/DH%20Project/Mallet/post_revolution/EHT8.txt	0.047008547008547015	0.021367521367521368	0.7649572649572649	0.021367521367521368	0.021367521367521368	0.12393162393162392
7	file:/Users/miriamthompson/Desktop/DH%20Project/Mallet/post_revolution/ESB5.txt	0.4523809523809524	0.05238095238095238	0.13809523809523808	0.28095238095238095	0.05238095238095238	0.02380952380952381
8	file:/Users/miriamthompson/Desktop/DH%20Project/Mallet/post_revolution/EHT63.txt	0.13398692810457516	0.23202614379084968	0.11437908496732026	0.15359477124183005	0.25163398692810457	0.11437908496732026
9	file:/Users/miriamthompson/Desktop/DH%20Project/Mallet/post_revolution/EHT77.txt	0.08518518518518518	0.24074074074074076	0.24074074074074076	0.040740740740740744	0.08518518518518518	0.3074074074074074
10	file:/Users/miriamthompson/Desktop/DH%20Project/Mallet/post_revolution/EHT76.txt	0.23412698412698413	0.043650793650793655	0.23412698412698413	0.06746031746031747	0.376984126984127	0.043650793650793655
11	file:/Users/miriamthompson/Desktop/DH%20Project/Mallet/post_revolution/EHT62.txt	0.016666666666666666	0.6766666666666667	0.07666666666666667	0.07666666666666667	0.016666666666666666	0.13666666666666666
12	file:/Users/miriamthompson/Desktop/DH%20Project/Mallet/post_revolution/ESB4.txt	0.13218390804597702	0.028735632183908046	0.028735632183908046	0.3045977011494253	0.3045977011494253	0.2011494252873563
13	file:/Users/miriamthompson/Desktop/DH%20Project/Mallet/post_revolution/EHT9.txt	0.12962962962962962	0.17407407407407408	0.4629629629629629	0.040740740740740744	0.12962962962962962	0.06296296296296297
14	file:/Users/miriamthompson/Desktop/DH%20Project/Mallet/post_revolution/MBS2.txt	0.2712418300653595	0.016339869281045753	0.19281045751633988	0.03594771241830066	0.34967320261437906	0.13398692810457516
15	file:/Users/miriamthompson/Desktop/DH%20Project/Mallet/post_revolution/MVHD69.txt	0.3007246376811594	0.17028985507246377	0.018115942028985508	0.1920289855072464	0.10507246376811594	0.213768115942029
16	file:/Users/miriamthompson/Desktop/DH%20Project/Mallet/post_revolution/MVHD55.txt	0.2673611111111111	0.3090277777777778	0.22569444444444445	0.07986111111111112	0.05902777777777778	0.05902777777777778
17	file:/Users/miriamthompson/Desktop/DH%20Project/Mallet/post_revolution/MVHD41.txt	0.14227642276422764	0.556910569105691	0.02032520325203252	0.11788617886178861	0.0934959349593496	0.06910569105691057
18	file:/Users/miriamthompson/Desktop/DH%20Project/Mallet/post_revolution/MVHD96.txt	0.05238095238095238	0.05238095238095238	0.5095238095238095	0.08095238095238096	0.08095238095238096	0.2238095238095238
19	file:/Users/miriamthompson/Desktop/DH%20Project/Mallet/post_revolution/MVHD82.txt	0.05092592592592593	0.16203703703703703	0.5787037037037037	0.0787037037037037	0.02314814814814815	0.10648148148148148
20	file:/Users/miriamthompson/Desktop/DH%20Project/Mallet/post_revolution/MVHD94.txt	0.047008547008547015	0.3547008547008547	0.14957264957264957	0.2777777777777778	0.09829059829059829	0.07264957264957266
21	file:/Users/miriamthompson/Desktop/DH%20Project/Mallet/post_revolution/MVHD80.txt	0.22649572649572652	0.1752136752136752	0.3547008547008547	0.1752136752136752	0.021367521367521368	0.047008547008547015
22	file:/Users/miriamthompson/Desktop/DH%20Project/Mallet/post_revolution/MVHD57.txt	0.09829059829059829	0.1752136752136752	0.09829059829059829	0.3803418803418804	0.12393162393162392	0.12393162393162392
23	file:/Users/miriamthompson/Desktop/DH%20Project/Mallet/post_revolution/MVHD43.txt	0.3682170542635659	0.15891472868217055	0.08914728682170543	0.08914728682170543	0.11240310077519379	0.1821705426356589
24	file:/Users/miriamthompson/Desktop/DH%20Project/Mallet/post_revolution/ESB6.txt	0.2730496453900709	0.060283687943262415	0.03900709219858156	0.31560283687943264	0.01773049645390071	0.2943262411347518
25	file:/Users/miriamthompson/Desktop/DH%20Project/Mallet/post_revolution/EHT48.txt	0.08712121212121213	0.45075757575757575	0.178030303030303	0.1553030303030303	0.08712121212121213	0.04166666666666667
26	file:/Users/miriamthompson/Desktop/DH%20Project/Mallet/post_revolution/EHT74.txt	0.018115942028985508	0.3007246376811594	0.213768115942029	0.03985507246376812	0.1920289855072464	0.2355072463768116
27	file:/Users/miriamthompson/Desktop/DH%20Project/Mallet/post_revolution/EHT60.txt	0.07986111111111112	0.5590277777777778	0.16319444444444445	0.017361111111111112	0.10069444444444443	0.07986111111111112
28	file:/Users/miriamthompson/Desktop/DH%20Project/Mallet/post_revolution/EHT61.txt	0.07264957264957266	0.32905982905982906	0.22649572649572652	0.12393162393162392	0.07264957264957266	0.1752136752136752
29	file:/Users/miriamthompson/Desktop/DH%20Project/Mallet/post_revolution/EHT75.txt	0.018115942028985508	0.322463768115942	0.08333333333333334	0.27898550724637683	0.2355072463768116	0.06159420289855073
30	file:/Users/miriamthompson/Desktop/DH%20Project/Mallet/post_revolution/EHT49.txt	0.08156028368794327	0.4219858156028369	0.1453900709219858	0.16666666666666666	0.060283687943262415	0.12411347517730496
31	file:/Users/miriamthompson/Desktop/DH%20Project/Mallet/post_revolution/ESB7.txt	0.16666666666666666	0.2730496453900709	0.060283687943262415	0.060283687943262415	0.400709219858156	0.03900709219858156
32	file:/Users/miriamthompson/Desktop/DH%20Project/Mallet/post_revolution/MBS1.txt	0.07516339869281045	0.016339869281045753	0.05555555555555556	0.07516339869281045	0.38888888888888884	0.38888888888888884
33	file:/Users/miriamthompson/Desktop/DH%20Project/Mallet/post_revolution/MVHD42.txt	0.10984848484848485	0.13257575757575757	0.33712121212121215	0.06439393939393939	0.1553030303030303	0.20075757575757577
34	file:/Users/miriamthompson/Desktop/DH%20Project/Mallet/post_revolution/MVHD56.txt	0.268939393939394	0.178030303030303	0.1553030303030303	0.1553030303030303	0.04166666666666667	0.20075757575757577
35	file:/Users/miriamthompson/Desktop/DH%20Project/Mallet/post_revolution/MVHD81.txt	0.21851851851851853	0.15185185185185185	0.1962962962962963	0.08518518518518518	0.01851851851851852	0.32962962962962966
36	file:/Users/miriamthompson/Desktop/DH%20Project/Mallet/post_revolution/MVHD95.txt	0.14227642276422764	0.556910569105691	0.06910569105691057	0.11788617886178861	0.02032520325203252	0.0934959349593496
37	file:/Users/miriamthompson/Desktop/DH%20Project/Mallet/post_revolution/MVHD91.txt	0.16666666666666666	0.12411347517730496	0.12411347517730496	0.2092198581560284	0.08156028368794327	0.2943262411347518
38	file:/Users/miriamthompson/Desktop/DH%20Project/Mallet/post_revolution/MVHD85.txt	0.13063063063063063	0.34684684684684686	0.34684684684684686	0.04954954954954956	0.07657657657657659	0.04954954954954956
39	file:/Users/miriamthompson/Desktop/DH%20Project/Mallet/post_revolution/MVHD52.txt	0.12719298245614033	0.07456140350877194	0.12719298245614033	0.31140350877192985	0.10087719298245615	0.25877192982456143
40	file:/Users/miriamthompson/Desktop/DH%20Project/Mallet/post_revolution/MVHD46.txt	0.018115942028985508	0.38768115942028986	0.322463768115942	0.10507246376811594	0.06159420289855073	0.10507246376811594
41	file:/Users/miriamthompson/Desktop/DH%20Project/Mallet/post_revolution/MBS5.txt	0.21851851851851853	0.01851851851851852	0.06296296296296297	0.5962962962962963	0.08518518518518518	0.01851851851851852
42	file:/Users/miriamthompson/Desktop/DH%20Project/Mallet/post_revolution/ESB3.txt	0.19444444444444445	0.061111111111111116	0.02777777777777778	0.2611111111111111	0.29444444444444445	0.1611111111111111
43	file:/Users/miriamthompson/Desktop/DH%20Project/Mallet/post_revolution/EHT71.txt	0.017006802721088437	0.48639455782312924	0.017006802721088437	0.20068027210884354	0.05782312925170068	0.22108843537414968
44	file:/Users/miriamthompson/Desktop/DH%20Project/Mallet/post_revolution/EHT65.txt	0.06589147286821706	0.4844961240310077	0.04263565891472869	0.1821705426356589	0.08914728682170543	0.13565891472868216
45	file:/Users/miriamthompson/Desktop/DH%20Project/Mallet/post_revolution/EHT59.txt	0.018115942028985508	0.2355072463768116	0.2355072463768116	0.25724637681159424	0.1920289855072464	0.06159420289855073
46	file:/Users/miriamthompson/Desktop/DH%20Project/Mallet/post_revolution/EHT58.txt	0.017361111111111112	0.4548611111111111	0.20486111111111113	0.017361111111111112	0.1840277777777778	0.12152777777777778
47	file:/Users/miriamthompson/Desktop/DH%20Project/Mallet/post_revolution/EHT64.txt	0.10984848484848485	0.2916666666666667	0.01893939393939394	0.08712121212121213	0.2916666666666667	0.20075757575757577
48	file:/Users/miriamthompson/Desktop/DH%20Project/Mallet/post_revolution/EHT70.txt	0.01893939393939394	0.6098484848484849	0.04166666666666667	0.01893939393939394	0.2234848484848485	0.08712121212121213
49	file:/Users/miriamthompson/Desktop/DH%20Project/Mallet/post_revolution/ESB2.txt	0.17676767676767677	0.025252525252525252	0.025252525252525252	0.2676767676767677	0.297979797979798	0.20707070707070707
50	file:/Users/miriamthompson/Desktop/DH%20Project/Mallet/post_revolution/MBS4.txt	0.11904761904761904	0.0782312925170068	0.22108843537414968	0.2414965986394558	0.11904761904761904	0.22108843537414968
51	file:/Users/miriamthompson/Desktop/DH%20Project/Mallet/post_revolution/MVHD47.txt	0.22043010752688172	0.12365591397849462	0.05913978494623656	0.22043010752688172	0.25268817204301075	0.12365591397849462
52	file:/Users/miriamthompson/Desktop/DH%20Project/Mallet/post_revolution/MVHD53.txt	0.33771929824561403	0.07456140350877194	0.10087719298245615	0.02192982456140351	0.02192982456140351	0.44298245614035087
53	file:/Users/miriamthompson/Desktop/DH%20Project/Mallet/post_revolution/MVHD84.txt	0.1423611111111111	0.1840277777777778	0.4131944444444444	0.05902777777777778	0.017361111111111112	0.1840277777777778
54	file:/Users/miriamthompson/Desktop/DH%20Project/Mallet/post_revolution/MVHD90.txt	0.1553030303030303	0.01893939393939394	0.06439393939393939	0.33712121212121215	0.178030303030303	0.24621212121212122
55	file:/Users/miriamthompson/Desktop/DH%20Project/Mallet/post_revolution/MVHD86.txt	0.1074074074074074	0.1074074074074074	0.37407407407407406	0.17407407407407408	0.1962962962962963	0.040740740740740744
56	file:/Users/miriamthompson/Desktop/DH%20Project/Mallet/post_revolution/MVHD92.txt	0.25666666666666665	0.07666666666666667	0.27666666666666667	0.05666666666666667	0.03666666666666667	0.2966666666666667
57	file:/Users/miriamthompson/Desktop/DH%20Project/Mallet/post_revolution/MVHD79.txt	0.23412698412698413	0.1388888888888889	0.28174603174603174	0.09126984126984128	0.06746031746031747	0.1865079365079365
58	file:/Users/miriamthompson/Desktop/DH%20Project/Mallet/post_revolution/MVHD45.txt	0.16666666666666666	0.02380952380952381	0.02380952380952381	0.5380952380952381	0.08095238095238096	0.16666666666666666
59	file:/Users/miriamthompson/Desktop/DH%20Project/Mallet/post_revolution/MVHD51.txt	0.2777777777777778	0.09829059829059829	0.12393162393162392	0.09829059829059829	0.3547008547008547	0.047008547008547015
60	file:/Users/miriamthompson/Desktop/DH%20Project/Mallet/post_revolution/EHT66.txt	0.043650793650793655	0.3531746031746032	0.019841269841269844	0.1865079365079365	0.1626984126984127	0.23412698412698413
61	file:/Users/miriamthompson/Desktop/DH%20Project/Mallet/post_revolution/EHT72.txt	0.12152777777777778	0.2673611111111111	0.16319444444444445	0.1840277777777778	0.017361111111111112	0.2465277777777778
62	file:/Users/miriamthompson/Desktop/DH%20Project/Mallet/post_revolution/EHT73.txt	0.04166666666666667	0.178030303030303	0.1553030303030303	0.24621212121212122	0.2234848484848485	0.1553030303030303
63	file:/Users/miriamthompson/Desktop/DH%20Project/Mallet/post_revolution/EHT67.txt	0.03900709219858156	0.7411347517730497	0.1453900709219858	0.01773049645390071	0.01773049645390071	0.03900709219858156
64	file:/Users/miriamthompson/Desktop/DH%20Project/Mallet/post_revolution/ESB1.txt	0.025252525252525252	0.025252525252525252	0.08585858585858586	0.23737373737373738	0.5707070707070707	0.05555555555555556
65	file:/Users/miriamthompson/Desktop/DH%20Project/Mallet/post_revolution/MVHD50.txt	0.32905982905982906	0.12393162393162392	0.047008547008547015	0.14957264957264957	0.047008547008547015	0.30341880341880345
66	file:/Users/miriamthompson/Desktop/DH%20Project/Mallet/post_revolution/MVHD44.txt	0.11240310077519379	0.01937984496124031	0.08914728682170543	0.4844961240310077	0.08914728682170543	0.2054263565891473
67	file:/Users/miriamthompson/Desktop/DH%20Project/Mallet/post_revolution/MVHD78.txt	0.3842592592592593	0.0787037037037037	0.10648148148148148	0.24537037037037038	0.0787037037037037	0.10648148148148148
68	file:/Users/miriamthompson/Desktop/DH%20Project/Mallet/post_revolution/MVHD93.txt	0.02314814814814815	0.2175925925925926	0.16203703703703703	0.1898148148148148	0.13425925925925924	0.27314814814814814
69	file:/Users/miriamthompson/Desktop/DH%20Project/Mallet/post_revolution/MVHD87.txt	0.2619047619047619	0.11904761904761904	0.30272108843537415	0.09863945578231292	0.05782312925170068	0.15986394557823128
70	file:/Users/miriamthompson/Desktop/DH%20Project/Mallet/post_revolution/ESB15.txt	0.01851851851851852	0.15185185185185185	0.01851851851851852	0.17407407407407408	0.5518518518518518	0.08518518518518518
71	file:/Users/miriamthompson/Desktop/DH%20Project/Mallet/post_revolution/ESB29.txt	0.047008547008547015	0.021367521367521368	0.1752136752136752	0.22649572649572652	0.2777777777777778	0.25213675213675213
72	file:/Users/miriamthompson/Desktop/DH%20Project/Mallet/post_revolution/HRG2.txt	0.016025641025641028	0.3044871794871795	0.13141025641025642	0.18910256410256412	0.05448717948717949	0.3044871794871795
73	file:/Users/miriamthompson/Desktop/DH%20Project/Mallet/post_revolution/MVHD23.txt	0.019841269841269844	0.11507936507936507	0.5198412698412698	0.06746031746031747	0.043650793650793655	0.23412698412698413
74	file:/Users/miriamthompson/Desktop/DH%20Project/Mallet/post_revolution/MVHD37.txt	0.06296296296296297	0.26296296296296295	0.26296296296296295	0.01851851851851852	0.040740740740740744	0.35185185185185186
75	file:/Users/miriamthompson/Desktop/DH%20Project/Mallet/post_revolution/EHT28.txt	0.018115942028985508	0.3659420289855072	0.10507246376811594	0.03985507246376812	0.3659420289855072	0.10507246376811594
76	file:/Users/miriamthompson/Desktop/DH%20Project/Mallet/post_revolution/EHT14.txt	0.662962962962963	0.06296296296296297	0.15185185185185185	0.06296296296296297	0.01851851851851852	0.040740740740740744
77	file:/Users/miriamthompson/Desktop/DH%20Project/Mallet/post_revolution/MVHD111.txt	0.11240310077519379	0.11240310077519379	0.3682170542635659	0.04263565891472869	0.2984496124031008	0.06589147286821706
78	file:/Users/miriamthompson/Desktop/DH%20Project/Mallet/post_revolution/MVHD105.txt	0.1277777777777778	0.1611111111111111	0.19444444444444445	0.09444444444444446	0.061111111111111116	0.3611111111111111
79	file:/Users/miriamthompson/Desktop/DH%20Project/Mallet/post_revolution/MVHD104.txt	0.27898550724637683	0.1920289855072464	0.12681159420289853	0.03985507246376812	0.14855072463768115	0.213768115942029
80	file:/Users/miriamthompson/Desktop/DH%20Project/Mallet/post_revolution/MVHD110.txt	0.1821705426356589	0.2751937984496124	0.32170542635658916	0.13565891472868216	0.06589147286821706	0.01937984496124031
81	file:/Users/miriamthompson/Desktop/DH%20Project/Mallet/post_revolution/EHT15.txt	0.13945578231292516	0.11904761904761904	0.2619047619047619	0.2414965986394558	0.11904761904761904	0.11904761904761904
82	file:/Users/miriamthompson/Desktop/DH%20Project/Mallet/post_revolution/EHT29.txt	0.03395061728395062	0.3302469135802469	0.03395061728395062	0.16358024691358025	0.40432098765432095	0.03395061728395062
83	file:/Users/miriamthompson/Desktop/DH%20Project/Mallet/post_revolution/MVHD36.txt	0.1865079365079365	0.019841269841269844	0.1865079365079365	0.11507936507936507	0.25793650793650796	0.23412698412698413
84	file:/Users/miriamthompson/Desktop/DH%20Project/Mallet/post_revolution/MVHD22.txt	0.1898148148148148	0.10648148148148148	0.46759259259259256	0.10648148148148148	0.10648148148148148	0.02314814814814815
85	file:/Users/miriamthompson/Desktop/DH%20Project/Mallet/post_revolution/HRG3.txt	0.06159420289855073	0.018115942028985508	0.2355072463768116	0.322463768115942	0.213768115942029	0.14855072463768115
86	file:/Users/miriamthompson/Desktop/DH%20Project/Mallet/post_revolution/ESB28.txt	0.040740740740740744	0.040740740740740744	0.01851851851851852	0.35185185185185186	0.5074074074074074	0.040740740740740744
87	file:/Users/miriamthompson/Desktop/DH%20Project/Mallet/post_revolution/ESB14.txt	0.09294871794871794	0.11217948717948717	0.09294871794871794	0.3237179487179487	0.2275641025641026	0.15064102564102563
88	file:/Users/miriamthompson/Desktop/DH%20Project/Mallet/post_revolution/ESB16.txt	0.1626984126984127	0.09126984126984128	0.043650793650793655	0.32936507936507936	0.25793650793650796	0.11507936507936507
89	file:/Users/miriamthompson/Desktop/DH%20Project/Mallet/post_revolution/HRG1.txt	0.06589147286821706	0.2054263565891473	0.08914728682170543	0.2054263565891473	0.1821705426356589	0.25193798449612403
90	file:/Users/miriamthompson/Desktop/DH%20Project/Mallet/post_revolution/MVHD34.txt	0.01851851851851852	0.08518518518518518	0.5296296296296296	0.06296296296296297	0.12962962962962962	0.17407407407407408
91	file:/Users/miriamthompson/Desktop/DH%20Project/Mallet/post_revolution/MVHD20.txt	0.025252525252525252	0.025252525252525252	0.025252525252525252	0.297979797979798	0.297979797979798	0.3282828282828283
92	file:/Users/miriamthompson/Desktop/DH%20Project/Mallet/post_revolution/EHT17.txt	0.10606060606060605	0.30606060606060603	0.2878787878787879	0.03333333333333333	0.14242424242424243	0.12424242424242424
93	file:/Users/miriamthompson/Desktop/DH%20Project/Mallet/post_revolution/MVHD106.txt	0.14215686274509803	0.08333333333333334	0.23039215686274508	0.25980392156862747	0.14215686274509803	0.14215686274509803
94	file:/Users/miriamthompson/Desktop/DH%20Project/Mallet/post_revolution/MVHD112.txt	0.3738738738738739	0.18468468468468469	0.022522522522522525	0.04954954954954956	0.10360360360360361	0.26576576576576577
95	file:/Users/miriamthompson/Desktop/DH%20Project/Mallet/post_revolution/MVHD113.txt	0.34420289855072467	0.08333333333333334	0.17028985507246377	0.14855072463768115	0.14855072463768115	0.10507246376811594
96	file:/Users/miriamthompson/Desktop/DH%20Project/Mallet/post_revolution/MVHD107.txt	0.047008547008547015	0.1752136752136752	0.45726495726495725	0.021367521367521368	0.047008547008547015	0.25213675213675213
97	file:/Users/miriamthompson/Desktop/DH%20Project/Mallet/post_revolution/EHT16.txt	0.13141025641025642	0.16987179487179488	0.47756410256410253	0.07371794871794872	0.11217948717948717	0.035256410256410256
98	file:/Users/miriamthompson/Desktop/DH%20Project/Mallet/post_revolution/MVHD21.txt	0.048245614035087724	0.10087719298245615	0.07456140350877194	0.39035087719298245	0.02192982456140351	0.36403508771929827
99	file:/Users/miriamthompson/Desktop/DH%20Project/Mallet/post_revolution/MVHD35.txt	0.03900709219858156	0.08156028368794327	0.2730496453900709	0.12411347517730496	0.10283687943262411	0.37943262411347517
100	file:/Users/miriamthompson/Desktop/DH%20Project/Mallet/post_revolution/ESB17.txt	0.06746031746031747	0.019841269841269844	0.019841269841269844	0.25793650793650796	0.32936507936507936	0.3055555555555556
101	file:/Users/miriamthompson/Desktop/DH%20Project/Mallet/post_revolution/ESB13.txt	0.13063063063063063	0.04954954954954956	0.022522522522522525	0.04954954954954956	0.536036036036036	0.21171171171171171
102	file:/Users/miriamthompson/Desktop/DH%20Project/Mallet/post_revolution/HRG4.txt	0.12424242424242424	0.08787878787878788	0.21515151515151515	0.05151515151515152	0.2515151515151515	0.2696969696969697
103	file:/Users/miriamthompson/Desktop/DH%20Project/Mallet/post_revolution/MVHD19.txt	0.1752136752136752	0.021367521367521368	0.14957264957264957	0.30341880341880345	0.047008547008547015	0.30341880341880345
104	file:/Users/miriamthompson/Desktop/DH%20Project/Mallet/post_revolution/MVHD31.txt	0.42792792792792794	0.04954954954954956	0.23873873873873874	0.04954954954954956	0.022522522522522525	0.21171171171171171
105	file:/Users/miriamthompson/Desktop/DH%20Project/Mallet/post_revolution/MVHD25.txt	0.05092592592592593	0.0787037037037037	0.41203703703703703	0.05092592592592593	0.10648148148148148	0.30092592592592593
106	file:/Users/miriamthompson/Desktop/DH%20Project/Mallet/post_revolution/MVHD9.txt	0.08712121212121213	0.10984848484848485	0.13257575757575757	0.33712121212121215	0.04166666666666667	0.2916666666666667
107	file:/Users/miriamthompson/Desktop/DH%20Project/Mallet/post_revolution/EHT12.txt	0.034591194968553465	0.110062893081761	0.33647798742138363	0.09119496855345911	0.31761006289308175	0.110062893081761
108	file:/Users/miriamthompson/Desktop/DH%20Project/Mallet/post_revolution/MVHD103.txt	0.2850877192982456	0.17982456140350878	0.17982456140350878	0.10087719298245615	0.10087719298245615	0.15350877192982457
109	file:/Users/miriamthompson/Desktop/DH%20Project/Mallet/post_revolution/MVHD117.txt	0.2175925925925926	0.0787037037037037	0.27314814814814814	0.10648148148148148	0.05092592592592593	0.27314814814814814
110	file:/Users/miriamthompson/Desktop/DH%20Project/Mallet/post_revolution/MVHD116.txt	0.27314814814814814	0.05092592592592593	0.3287037037037037	0.10648148148148148	0.05092592592592593	0.1898148148148148
111	file:/Users/miriamthompson/Desktop/DH%20Project/Mallet/post_revolution/MVHD102.txt	0.14583333333333331	0.27083333333333337	0.17083333333333334	0.12083333333333332	0.04583333333333334	0.24583333333333335
112	file:/Users/miriamthompson/Desktop/DH%20Project/Mallet/post_revolution/EHT13.txt	0.3682170542635659	0.08914728682170543	0.3449612403100775	0.01937984496124031	0.06589147286821706	0.11240310077519379
113	file:/Users/miriamthompson/Desktop/DH%20Project/Mallet/post_revolution/MVHD8.txt	0.06746031746031747	0.1388888888888889	0.28174603174603174	0.043650793650793655	0.019841269841269844	0.4484126984126984
114	file:/Users/miriamthompson/Desktop/DH%20Project/Mallet/post_revolution/MVHD24.txt	0.06296296296296297	0.01851851851851852	0.4407407407407407	0.26296296296296295	0.08518518518518518	0.12962962962962962
115	file:/Users/miriamthompson/Desktop/DH%20Project/Mallet/post_revolution/MVHD30.txt	0.08333333333333334	0.213768115942029	0.213768115942029	0.17028985507246377	0.14855072463768115	0.17028985507246377
116	file:/Users/miriamthompson/Desktop/DH%20Project/Mallet/post_revolution/MVHD18.txt	0.25980392156862747	0.024509803921568627	0.08333333333333334	0.25980392156862747	0.08333333333333334	0.28921568627450983
117	file:/Users/miriamthompson/Desktop/DH%20Project/Mallet/post_revolution/ESB12.txt	0.18027210884353742	0.0782312925170068	0.017006802721088437	0.22108843537414968	0.4659863945578231	0.03741496598639456
118	file:/Users/miriamthompson/Desktop/DH%20Project/Mallet/post_revolution/ESB38.txt	0.46124031007751937	0.04263565891472869	0.01937984496124031	0.11240310077519379	0.1821705426356589	0.1821705426356589
119	file:/Users/miriamthompson/Desktop/DH%20Project/Mallet/post_revolution/ESB10.txt	0.022522522522522525	0.04954954954954956	0.022522522522522525	0.48198198198198194	0.21171171171171171	0.21171171171171171
120	file:/Users/miriamthompson/Desktop/DH%20Project/Mallet/post_revolution/MVHD26.txt	0.14957264957264957	0.047008547008547015	0.5085470085470085	0.12393162393162392	0.07264957264957266	0.09829059829059829
121	file:/Users/miriamthompson/Desktop/DH%20Project/Mallet/post_revolution/MVHD32.txt	0.579861111111111	0.017361111111111112	0.017361111111111112	0.12152777777777778	0.017361111111111112	0.2465277777777778
122	file:/Users/miriamthompson/Desktop/DH%20Project/Mallet/post_revolution/EHT11.txt	0.16666666666666669	0.20440251572327045	0.05345911949685535	0.09119496855345911	0.279874213836478	0.20440251572327045
123	file:/Users/miriamthompson/Desktop/DH%20Project/Mallet/post_revolution/EHT39.txt	0.08712121212121213	0.6553030303030303	0.01893939393939394	0.08712121212121213	0.06439393939393939	0.08712121212121213
124	file:/Users/miriamthompson/Desktop/DH%20Project/Mallet/post_revolution/MVHD114.txt	0.12411347517730496	0.18794326241134754	0.4219858156028369	0.060283687943262415	0.060283687943262415	0.1453900709219858
125	file:/Users/miriamthompson/Desktop/DH%20Project/Mallet/post_revolution/MVHD100.txt	0.268939393939394	0.13257575757575757	0.38257575757575757	0.10984848484848485	0.06439393939393939	0.04166666666666667
126	file:/Users/miriamthompson/Desktop/DH%20Project/Mallet/post_revolution/MVHD101.txt	0.39147286821705424	0.13565891472868216	0.01937984496124031	0.06589147286821706	0.01937984496124031	0.3682170542635659
127	file:/Users/miriamthompson/Desktop/DH%20Project/Mallet/post_revolution/MVHD115.txt	0.06547619047619048	0.13690476190476192	0.27976190476190477	0.10119047619047619	0.10119047619047619	0.3154761904761905
128	file:/Users/miriamthompson/Desktop/DH%20Project/Mallet/post_revolution/EHT38.txt	0.06439393939393939	0.33712121212121215	0.13257575757575757	0.08712121212121213	0.178030303030303	0.20075757575757577
129	file:/Users/miriamthompson/Desktop/DH%20Project/Mallet/post_revolution/EHT10.txt	0.27469135802469136	0.07098765432098765	0.3487654320987654	0.0154320987654321	0.07098765432098765	0.2191358024691358
130	file:/Users/miriamthompson/Desktop/DH%20Project/Mallet/post_revolution/MVHD33.txt	0.2916666666666667	0.178030303030303	0.2916666666666667	0.08712121212121213	0.06439393939393939	0.08712121212121213
131	file:/Users/miriamthompson/Desktop/DH%20Project/Mallet/post_revolution/MVHD27.txt	0.1962962962962963	0.17407407407407408	0.12962962962962962	0.21851851851851853	0.17407407407407408	0.1074074074074074
132	file:/Users/miriamthompson/Desktop/DH%20Project/Mallet/post_revolution/ESB11.txt	0.1787878787878788	0.23333333333333334	0.08787878787878788	0.05151515151515152	0.21515151515151515	0.23333333333333334
133	file:/Users/miriamthompson/Desktop/DH%20Project/Mallet/post_revolution/ESB39.txt	0.22649572649572652	0.021367521367521368	0.021367521367521368	0.3547008547008547	0.09829059829059829	0.2777777777777778
134	file:/Users/miriamthompson/Desktop/DH%20Project/Mallet/post_revolution/ESB20.txt	0.08712121212121213	0.01893939393939394	0.04166666666666667	0.3143939393939394	0.33712121212121215	0.20075757575757577
135	file:/Users/miriamthompson/Desktop/DH%20Project/Mallet/post_revolution/ESB34.txt	0.49691358024691357	0.03395061728395062	0.05246913580246914	0.14506172839506173	0.25617283950617287	0.0154320987654321
136	file:/Users/miriamthompson/Desktop/DH%20Project/Mallet/post_revolution/MVHD16.txt	0.12083333333333332	0.04583333333333334	0.17083333333333334	0.22083333333333335	0.09583333333333334	0.3458333333333333
137	file:/Users/miriamthompson/Desktop/DH%20Project/Mallet/post_revolution/MVHD6.txt	0.044715447154471545	0.0934959349593496	0.11788617886178861	0.21544715447154472	0.11788617886178861	0.41056910569105687
138	file:/Users/miriamthompson/Desktop/DH%20Project/Mallet/post_revolution/EHT21.txt	0.17028985507246377	0.322463768115942	0.2355072463768116	0.12681159420289853	0.08333333333333334	0.06159420289855073
139	file:/Users/miriamthompson/Desktop/DH%20Project/Mallet/post_revolution/EHT35.txt	0.1074074074074074	0.21851851851851853	0.040740740740740744	0.1074074074074074	0.4407407407407407	0.08518518518518518
140	file:/Users/miriamthompson/Desktop/DH%20Project/Mallet/post_revolution/MVHD118.txt	0.04954954954954956	0.07657657657657659	0.23873873873873874	0.04954954954954956	0.26576576576576577	0.31981981981981983
141	file:/Users/miriamthompson/Desktop/DH%20Project/Mallet/post_revolution/MVHD119.txt	0.1752136752136752	0.14957264957264957	0.3547008547008547	0.14957264957264957	0.021367521367521368	0.14957264957264957
142	file:/Users/miriamthompson/Desktop/DH%20Project/Mallet/post_revolution/EHT34.txt	0.01851851851851852	0.26296296296296295	0.1074074074074074	0.08518518518518518	0.37407407407407406	0.15185185185185185
143	file:/Users/miriamthompson/Desktop/DH%20Project/Mallet/post_revolution/EHT20.txt	0.4147286821705426	0.13565891472868216	0.1821705426356589	0.08914728682170543	0.04263565891472869	0.13565891472868216
144	file:/Users/miriamthompson/Desktop/DH%20Project/Mallet/post_revolution/MVHD7.txt	0.043650793650793655	0.1626984126984127	0.28174603174603174	0.043650793650793655	0.019841269841269844	0.4484126984126984
145	file:/Users/miriamthompson/Desktop/DH%20Project/Mallet/post_revolution/MVHD17.txt	0.0934959349593496	0.0934959349593496	0.16666666666666666	0.14227642276422764	0.02032520325203252	0.48373983739837395
146	file:/Users/miriamthompson/Desktop/DH%20Project/Mallet/post_revolution/ESB35.txt	0.37407407407407406	0.01851851851851852	0.040740740740740744	0.1962962962962963	0.2851851851851852	0.08518518518518518
147	file:/Users/miriamthompson/Desktop/DH%20Project/Mallet/post_revolution/ESB21.txt	0.5077519379844961	0.04263565891472869	0.01937984496124031	0.08914728682170543	0.11240310077519379	0.22868217054263568
148	file:/Users/miriamthompson/Desktop/DH%20Project/Mallet/post_revolution/ESB37.txt	0.08095238095238096	0.2238095238095238	0.08095238095238096	0.3380952380952381	0.05238095238095238	0.2238095238095238
149	file:/Users/miriamthompson/Desktop/DH%20Project/Mallet/post_revolution/ESB23.txt	0.0934959349593496	0.16666666666666666	0.19105691056910568	0.33739837398373984	0.11788617886178861	0.0934959349593496
150	file:/Users/miriamthompson/Desktop/DH%20Project/Mallet/post_revolution/MVHD15.txt	0.322463768115942	0.1920289855072464	0.08333333333333334	0.03985507246376812	0.06159420289855073	0.3007246376811594
151	file:/Users/miriamthompson/Desktop/DH%20Project/Mallet/post_revolution/MVHD29.txt	0.322463768115942	0.2355072463768116	0.03985507246376812	0.2355072463768116	0.08333333333333334	0.08333333333333334
152	file:/Users/miriamthompson/Desktop/DH%20Project/Mallet/post_revolution/MVHD5.txt	0.15765765765765766	0.04954954954954956	0.022522522522522525	0.022522522522522525	0.509009009009009	0.23873873873873874
153	file:/Users/miriamthompson/Desktop/DH%20Project/Mallet/post_revolution/EHT36.txt	0.10069444444444443	0.12152777777777778	0.16319444444444445	0.03819444444444445	0.4548611111111111	0.12152777777777778
154	file:/Users/miriamthompson/Desktop/DH%20Project/Mallet/post_revolution/EHT22.txt	0.5606060606060606	0.03333333333333333	0.23333333333333334	0.015151515151515152	0.08787878787878788	0.0696969696969697
155	file:/Users/miriamthompson/Desktop/DH%20Project/Mallet/post_revolution/EHT23.txt	0.13945578231292516	0.05782312925170068	0.6700680272108844	0.03741496598639456	0.03741496598639456	0.05782312925170068
156	file:/Users/miriamthompson/Desktop/DH%20Project/Mallet/post_revolution/EHT37.txt	0.09863945578231292	0.4047619047619047	0.13945578231292516	0.13945578231292516	0.20068027210884354	0.017006802721088437
157	file:/Users/miriamthompson/Desktop/DH%20Project/Mallet/post_revolution/MVHD4.txt	0.07264957264957266	0.25213675213675213	0.20085470085470084	0.07264957264957266	0.12393162393162392	0.2777777777777778
158	file:/Users/miriamthompson/Desktop/DH%20Project/Mallet/post_revolution/MVHD28.txt	0.10087719298245615	0.048245614035087724	0.12719298245614033	0.10087719298245615	0.20614035087719298	0.4166666666666667
159	file:/Users/miriamthompson/Desktop/DH%20Project/Mallet/post_revolution/MVHD14.txt	0.07232704402515723	0.18553459119496857	0.18553459119496857	0.16666666666666669	0.07232704402515723	0.31761006289308175
160	file:/Users/miriamthompson/Desktop/DH%20Project/Mallet/post_revolution/ESB22.txt	0.34420289855072467	0.03985507246376812	0.018115942028985508	0.03985507246376812	0.2355072463768116	0.322463768115942
161	file:/Users/miriamthompson/Desktop/DH%20Project/Mallet/post_revolution/ESB36.txt	0.4407407407407407	0.01851851851851852	0.01851851851851852	0.1962962962962963	0.17407407407407408	0.15185185185185185
162	file:/Users/miriamthompson/Desktop/DH%20Project/Mallet/post_revolution/ESB32.txt	0.13809523809523808	0.02380952380952381	0.02380952380952381	0.2238095238095238	0.2523809523809524	0.3380952380952381
163	file:/Users/miriamthompson/Desktop/DH%20Project/Mallet/post_revolution/ESB26.txt	0.019841269841269844	0.1865079365079365	0.1626984126984127	0.11507936507936507	0.40079365079365076	0.11507936507936507
164	file:/Users/miriamthompson/Desktop/DH%20Project/Mallet/post_revolution/MVHD38.txt	0.035256410256410256	0.2275641025641026	0.34294871794871795	0.016025641025641028	0.3044871794871795	0.07371794871794872
165	file:/Users/miriamthompson/Desktop/DH%20Project/Mallet/post_revolution/MVHD10.txt	0.3803418803418804	0.021367521367521368	0.021367521367521368	0.14957264957264957	0.07264957264957266	0.3547008547008547
166	file:/Users/miriamthompson/Desktop/DH%20Project/Mallet/post_revolution/EHT33.txt	0.01851851851851852	0.3074074074074074	0.040740740740740744	0.1962962962962963	0.4185185185185185	0.01851851851851852
167	file:/Users/miriamthompson/Desktop/DH%20Project/Mallet/post_revolution/EHT27.txt	0.05448717948717949	0.266025641025641	0.2275641025641026	0.16987179487179488	0.2467948717948718	0.035256410256410256
168	file:/Users/miriamthompson/Desktop/DH%20Project/Mallet/post_revolution/EHT26.txt	0.13565891472868216	0.2751937984496124	0.2054263565891473	0.08914728682170543	0.25193798449612403	0.04263565891472869
169	file:/Users/miriamthompson/Desktop/DH%20Project/Mallet/post_revolution/EHT32.txt	0.178030303030303	0.04166666666666667	0.10984848484848485	0.04166666666666667	0.5416666666666666	0.08712121212121213
170	file:/Users/miriamthompson/Desktop/DH%20Project/Mallet/post_revolution/MVHD1.txt	0.2234848484848485	0.06439393939393939	0.20075757575757577	0.2234848484848485	0.06439393939393939	0.2234848484848485
171	file:/Users/miriamthompson/Desktop/DH%20Project/Mallet/post_revolution/MVHD11.txt	0.29444444444444445	0.02777777777777778	0.19444444444444445	0.1277777777777778	0.09444444444444446	0.2611111111111111
172	file:/Users/miriamthompson/Desktop/DH%20Project/Mallet/post_revolution/MVHD39.txt	0.12681159420289853	0.14855072463768115	0.2355072463768116	0.08333333333333334	0.34420289855072467	0.06159420289855073
173	file:/Users/miriamthompson/Desktop/DH%20Project/Mallet/post_revolution/ESB27.txt	0.1277777777777778	0.061111111111111116	0.061111111111111116	0.02777777777777778	0.5277777777777778	0.19444444444444445
174	file:/Users/miriamthompson/Desktop/DH%20Project/Mallet/post_revolution/ESB33.txt	0.3617886178861789	0.11788617886178861	0.14227642276422764	0.23983739837398377	0.0934959349593496	0.044715447154471545
175	file:/Users/miriamthompson/Desktop/DH%20Project/Mallet/post_revolution/ESB19.txt	0.05246913580246914	0.18209876543209877	0.10802469135802469	0.2191358024691358	0.16358024691358025	0.27469135802469136
176	file:/Users/miriamthompson/Desktop/DH%20Project/Mallet/post_revolution/ESB25.txt	0.05555555555555556	0.19281045751633988	0.07516339869281045	0.44771241830065356	0.15359477124183005	0.07516339869281045
177	file:/Users/miriamthompson/Desktop/DH%20Project/Mallet/post_revolution/ESB31.txt	0.23983739837398377	0.044715447154471545	0.02032520325203252	0.41056910569105687	0.16666666666666666	0.11788617886178861
178	file:/Users/miriamthompson/Desktop/DH%20Project/Mallet/post_revolution/MVHD13.txt	0.43798449612403095	0.13565891472868216	0.04263565891472869	0.11240310077519379	0.06589147286821706	0.2054263565891473
179	file:/Users/miriamthompson/Desktop/DH%20Project/Mallet/post_revolution/MVHD3.txt	0.024509803921568627	0.024509803921568627	0.6127450980392156	0.11274509803921569	0.08333333333333334	0.14215686274509803
180	file:/Users/miriamthompson/Desktop/DH%20Project/Mallet/post_revolution/EHT24.txt	0.11507936507936507	0.06746031746031747	0.23412698412698413	0.1865079365079365	0.1865079365079365	0.21031746031746032
181	file:/Users/miriamthompson/Desktop/DH%20Project/Mallet/post_revolution/EHT30.txt	0.016666666666666666	0.41666666666666663	0.05666666666666667	0.09666666666666666	0.39666666666666667	0.016666666666666666
182	file:/Users/miriamthompson/Desktop/DH%20Project/Mallet/post_revolution/EHT18.txt	0.10283687943262411	0.1453900709219858	0.400709219858156	0.01773049645390071	0.2517730496453901	0.08156028368794327
183	file:/Users/miriamthompson/Desktop/DH%20Project/Mallet/post_revolution/MVHD121.txt	0.15104166666666666	0.05729166666666667	0.11979166666666667	0.3072916666666667	0.15104166666666666	0.21354166666666666
184	file:/Users/miriamthompson/Desktop/DH%20Project/Mallet/post_revolution/MVHD109.txt	0.02777777777777778	0.1611111111111111	0.46111111111111114	0.061111111111111116	0.1277777777777778	0.1611111111111111
185	file:/Users/miriamthompson/Desktop/DH%20Project/Mallet/post_revolution/MVHD108.txt	0.1865079365079365	0.1626984126984127	0.25793650793650796	0.11507936507936507	0.23412698412698413	0.043650793650793655
186	file:/Users/miriamthompson/Desktop/DH%20Project/Mallet/post_revolution/MVHD120.txt	0.3803418803418804	0.12393162393162392	0.25213675213675213	0.047008547008547015	0.1752136752136752	0.021367521367521368
187	file:/Users/miriamthompson/Desktop/DH%20Project/Mallet/post_revolution/EHT19.txt	0.0696969696969697	0.3424242424242424	0.3787878787878788	0.0696969696969697	0.05151515151515152	0.08787878787878788
188	file:/Users/miriamthompson/Desktop/DH%20Project/Mallet/post_revolution/EHT31.txt	0.13945578231292516	0.0782312925170068	0.05782312925170068	0.13945578231292516	0.3435374149659864	0.2414965986394558
189	file:/Users/miriamthompson/Desktop/DH%20Project/Mallet/post_revolution/EHT25.txt	0.06746031746031747	0.1388888888888889	0.11507936507936507	0.1865079365079365	0.11507936507936507	0.376984126984127
190	file:/Users/miriamthompson/Desktop/DH%20Project/Mallet/post_revolution/MVHD2.txt	0.14957264957264957	0.25213675213675213	0.021367521367521368	0.3547008547008547	0.12393162393162392	0.09829059829059829
191	file:/Users/miriamthompson/Desktop/DH%20Project/Mallet/post_revolution/MVHD12.txt	0.2850877192982456	0.10087719298245615	0.07456140350877194	0.2850877192982456	0.10087719298245615	0.15350877192982457
192	file:/Users/miriamthompson/Desktop/DH%20Project/Mallet/post_revolution/ESB30.txt	0.05238095238095238	0.02380952380952381	0.10952380952380952	0.30952380952380953	0.16666666666666666	0.3380952380952381
193	file:/Users/miriamthompson/Desktop/DH%20Project/Mallet/post_revolution/ESB24.txt	0.05151515151515152	0.396969696969697	0.03333333333333333	0.08787878787878788	0.3787878787878788	0.05151515151515152
194	file:/Users/miriamthompson/Desktop/DH%20Project/Mallet/post_revolution/ESB18.txt	0.19583333333333333	0.07083333333333333	0.020833333333333336	0.07083333333333333	0.19583333333333333	0.4458333333333333
195	file:/Users/miriamthompson/Desktop/DH%20Project/Mallet/post_revolution/MVHD61.txt	0.1752136752136752	0.12393162393162392	0.25213675213675213	0.09829059829059829	0.047008547008547015	0.30341880341880345
