0	file:/Users/miriamthompson/Desktop/DH%20Project/Mallet/post_revolution/MVHD83.txt	0.4191919191919192	0.025252525252525252	0.11616161616161616	0.11616161616161616	0.297979797979798	0.025252525252525252
1	file:/Users/miriamthompson/Desktop/DH%20Project/Mallet/post_revolution/MVHD97.txt	0.28921568627450983	0.08333333333333334	0.37745098039215685	0.024509803921568627	0.14215686274509803	0.08333333333333334
2	file:/Users/miriamthompson/Desktop/DH%20Project/Mallet/post_revolution/MVHD40.txt	0.2966666666666667	0.05666666666666667	0.41666666666666663	0.13666666666666666	0.016666666666666666	0.07666666666666667
3	file:/Users/miriamthompson/Desktop/DH%20Project/Mallet/post_revolution/MVHD54.txt	0.1553030303030303	0.13257575757575757	0.08712121212121213	0.2916666666666667	0.20075757575757577	0.13257575757575757
4	file:/Users/miriamthompson/Desktop/DH%20Project/Mallet/post_revolution/MVHD68.txt	0.16666666666666666	0.05238095238095238	0.08095238095238096	0.16666666666666666	0.5095238095238095	0.02380952380952381
5	file:/Users/miriamthompson/Desktop/DH%20Project/Mallet/post_revolution/MBS3.txt	0.04722222222222223	0.3472222222222222	0.0638888888888889	0.28055555555555556	0.18055555555555555	0.08055555555555555
6	file:/Users/miriamthompson/Desktop/DH%20Project/Mallet/post_revolution/EHT8.txt	0.3803418803418804	0.07264957264957266	0.1752136752136752	0.1752136752136752	0.1752136752136752	0.021367521367521368
7	file:/Users/miriamthompson/Desktop/DH%20Project/Mallet/post_revolution/ESB5.txt	0.10952380952380952	0.3666666666666667	0.08095238095238096	0.28095238095238095	0.02380952380952381	0.13809523809523808
8	file:/Users/miriamthompson/Desktop/DH%20Project/Mallet/post_revolution/EHT63.txt	0.11437908496732026	0.3104575163398693	0.25163398692810457	0.07516339869281045	0.11437908496732026	0.13398692810457516
9	file:/Users/miriamthompson/Desktop/DH%20Project/Mallet/post_revolution/EHT77.txt	0.01851851851851852	0.39629629629629626	0.24074074074074076	0.12962962962962962	0.06296296296296297	0.15185185185185185
10	file:/Users/miriamthompson/Desktop/DH%20Project/Mallet/post_revolution/EHT76.txt	0.06746031746031747	0.21031746031746032	0.376984126984127	0.1388888888888889	0.09126984126984128	0.11507936507936507
11	file:/Users/miriamthompson/Desktop/DH%20Project/Mallet/post_revolution/EHT62.txt	0.016666666666666666	0.6366666666666666	0.03666666666666667	0.07666666666666667	0.11666666666666665	0.11666666666666665
12	file:/Users/miriamthompson/Desktop/DH%20Project/Mallet/post_revolution/ESB4.txt	0.06321839080459771	0.2011494252873563	0.13218390804597702	0.06321839080459771	0.028735632183908046	0.5114942528735632
13	file:/Users/miriamthompson/Desktop/DH%20Project/Mallet/post_revolution/EHT9.txt	0.1962962962962963	0.1962962962962963	0.39629629629629626	0.1074074074074074	0.040740740740740744	0.06296296296296297
14	file:/Users/miriamthompson/Desktop/DH%20Project/Mallet/post_revolution/MBS2.txt	0.38888888888888884	0.13398692810457516	0.03594771241830066	0.07516339869281045	0.2124183006535948	0.15359477124183005
15	file:/Users/miriamthompson/Desktop/DH%20Project/Mallet/post_revolution/MVHD69.txt	0.15185185185185185	0.17407407407407408	0.08518518518518518	0.35185185185185186	0.1962962962962963	0.040740740740740744
16	file:/Users/miriamthompson/Desktop/DH%20Project/Mallet/post_revolution/MVHD55.txt	0.23049645390070922	0.060283687943262415	0.2943262411347518	0.08156028368794327	0.2943262411347518	0.03900709219858156
17	file:/Users/miriamthompson/Desktop/DH%20Project/Mallet/post_revolution/MVHD41.txt	0.37083333333333335	0.12083333333333332	0.09583333333333334	0.09583333333333334	0.14583333333333331	0.17083333333333334
18	file:/Users/miriamthompson/Desktop/DH%20Project/Mallet/post_revolution/MVHD96.txt	0.3888888888888889	0.025252525252525252	0.14646464646464646	0.23737373737373738	0.17676767676767677	0.025252525252525252
19	file:/Users/miriamthompson/Desktop/DH%20Project/Mallet/post_revolution/MVHD82.txt	0.13425925925925924	0.0787037037037037	0.27314814814814814	0.02314814814814815	0.3564814814814815	0.13425925925925924
20	file:/Users/miriamthompson/Desktop/DH%20Project/Mallet/post_revolution/MVHD94.txt	0.25213675213675213	0.09829059829059829	0.2777777777777778	0.25213675213675213	0.047008547008547015	0.07264957264957266
21	file:/Users/miriamthompson/Desktop/DH%20Project/Mallet/post_revolution/MVHD80.txt	0.20085470085470084	0.07264957264957266	0.3547008547008547	0.09829059829059829	0.25213675213675213	0.021367521367521368
22	file:/Users/miriamthompson/Desktop/DH%20Project/Mallet/post_revolution/MVHD57.txt	0.10087719298245615	0.12719298245614033	0.20614035087719298	0.12719298245614033	0.23245614035087722	0.20614035087719298
23	file:/Users/miriamthompson/Desktop/DH%20Project/Mallet/post_revolution/MVHD43.txt	0.3682170542635659	0.04263565891472869	0.15891472868217055	0.08914728682170543	0.25193798449612403	0.08914728682170543
24	file:/Users/miriamthompson/Desktop/DH%20Project/Mallet/post_revolution/ESB6.txt	0.03900709219858156	0.31560283687943264	0.01773049645390071	0.10283687943262411	0.060283687943262415	0.46453900709219853
25	file:/Users/miriamthompson/Desktop/DH%20Project/Mallet/post_revolution/EHT48.txt	0.01893939393939394	0.428030303030303	0.3143939393939394	0.08712121212121213	0.06439393939393939	0.08712121212121213
26	file:/Users/miriamthompson/Desktop/DH%20Project/Mallet/post_revolution/EHT74.txt	0.06159420289855073	0.4963768115942029	0.08333333333333334	0.3007246376811594	0.018115942028985508	0.03985507246376812
27	file:/Users/miriamthompson/Desktop/DH%20Project/Mallet/post_revolution/EHT60.txt	0.03819444444444445	0.4131944444444444	0.1423611111111111	0.12152777777777778	0.10069444444444443	0.1840277777777778
28	file:/Users/miriamthompson/Desktop/DH%20Project/Mallet/post_revolution/EHT61.txt	0.07456140350877194	0.23245614035087722	0.15350877192982457	0.15350877192982457	0.10087719298245615	0.2850877192982456
29	file:/Users/miriamthompson/Desktop/DH%20Project/Mallet/post_revolution/EHT75.txt	0.040740740740740744	0.35185185185185186	0.08518518518518518	0.1962962962962963	0.12962962962962962	0.1962962962962963
30	file:/Users/miriamthompson/Desktop/DH%20Project/Mallet/post_revolution/EHT49.txt	0.06159420289855073	0.713768115942029	0.06159420289855073	0.06159420289855073	0.06159420289855073	0.03985507246376812
31	file:/Users/miriamthompson/Desktop/DH%20Project/Mallet/post_revolution/ESB7.txt	0.23049645390070922	0.23049645390070922	0.03900709219858156	0.03900709219858156	0.08156028368794327	0.37943262411347517
32	file:/Users/miriamthompson/Desktop/DH%20Project/Mallet/post_revolution/MBS1.txt	0.2124183006535948	0.13398692810457516	0.07516339869281045	0.25163398692810457	0.07516339869281045	0.25163398692810457
33	file:/Users/miriamthompson/Desktop/DH%20Project/Mallet/post_revolution/MVHD42.txt	0.2751937984496124	0.11240310077519379	0.32170542635658916	0.08914728682170543	0.13565891472868216	0.06589147286821706
34	file:/Users/miriamthompson/Desktop/DH%20Project/Mallet/post_revolution/MVHD56.txt	0.1821705426356589	0.08914728682170543	0.22868217054263568	0.04263565891472869	0.3682170542635659	0.08914728682170543
35	file:/Users/miriamthompson/Desktop/DH%20Project/Mallet/post_revolution/MVHD81.txt	0.12962962962962962	0.15185185185185185	0.35185185185185186	0.01851851851851852	0.32962962962962966	0.01851851851851852
36	file:/Users/miriamthompson/Desktop/DH%20Project/Mallet/post_revolution/MVHD95.txt	0.048245614035087724	0.02192982456140351	0.39035087719298245	0.2850877192982456	0.12719298245614033	0.12719298245614033
37	file:/Users/miriamthompson/Desktop/DH%20Project/Mallet/post_revolution/MVHD91.txt	0.46453900709219853	0.03900709219858156	0.18794326241134754	0.12411347517730496	0.060283687943262415	0.12411347517730496
38	file:/Users/miriamthompson/Desktop/DH%20Project/Mallet/post_revolution/MVHD85.txt	0.1898148148148148	0.0787037037037037	0.13425925925925924	0.10648148148148148	0.41203703703703703	0.0787037037037037
39	file:/Users/miriamthompson/Desktop/DH%20Project/Mallet/post_revolution/MVHD52.txt	0.21171171171171171	0.18468468468468469	0.3738738738738739	0.022522522522522525	0.15765765765765766	0.04954954954954956
40	file:/Users/miriamthompson/Desktop/DH%20Project/Mallet/post_revolution/MVHD46.txt	0.2355072463768116	0.213768115942029	0.018115942028985508	0.27898550724637683	0.213768115942029	0.03985507246376812
41	file:/Users/miriamthompson/Desktop/DH%20Project/Mallet/post_revolution/MBS5.txt	0.1074074074074074	0.24074074074074076	0.01851851851851852	0.21851851851851853	0.06296296296296297	0.35185185185185186
42	file:/Users/miriamthompson/Desktop/DH%20Project/Mallet/post_revolution/ESB3.txt	0.09444444444444446	0.1277777777777778	0.2611111111111111	0.061111111111111116	0.061111111111111116	0.3944444444444445
43	file:/Users/miriamthompson/Desktop/DH%20Project/Mallet/post_revolution/EHT71.txt	0.017006802721088437	0.5680272108843537	0.017006802721088437	0.03741496598639456	0.11904761904761904	0.2414965986394558
44	file:/Users/miriamthompson/Desktop/DH%20Project/Mallet/post_revolution/EHT65.txt	0.13565891472868216	0.4844961240310077	0.13565891472868216	0.01937984496124031	0.11240310077519379	0.11240310077519379
45	file:/Users/miriamthompson/Desktop/DH%20Project/Mallet/post_revolution/EHT59.txt	0.08333333333333334	0.322463768115942	0.06159420289855073	0.2355072463768116	0.25724637681159424	0.03985507246376812
46	file:/Users/miriamthompson/Desktop/DH%20Project/Mallet/post_revolution/EHT58.txt	0.03819444444444445	0.5590277777777778	0.2465277777777778	0.07986111111111112	0.05902777777777778	0.017361111111111112
47	file:/Users/miriamthompson/Desktop/DH%20Project/Mallet/post_revolution/EHT64.txt	0.06439393939393939	0.2234848484848485	0.1553030303030303	0.2234848484848485	0.10984848484848485	0.2234848484848485
48	file:/Users/miriamthompson/Desktop/DH%20Project/Mallet/post_revolution/EHT70.txt	0.04166666666666667	0.5416666666666666	0.1553030303030303	0.01893939393939394	0.2234848484848485	0.01893939393939394
49	file:/Users/miriamthompson/Desktop/DH%20Project/Mallet/post_revolution/ESB2.txt	0.025252525252525252	0.11616161616161616	0.14646464646464646	0.14646464646464646	0.11616161616161616	0.4494949494949495
50	file:/Users/miriamthompson/Desktop/DH%20Project/Mallet/post_revolution/MBS4.txt	0.11904761904761904	0.15986394557823128	0.13945578231292516	0.05782312925170068	0.30272108843537415	0.22108843537414968
51	file:/Users/miriamthompson/Desktop/DH%20Project/Mallet/post_revolution/MVHD47.txt	0.1611111111111111	0.061111111111111116	0.1277777777777778	0.46111111111111114	0.1277777777777778	0.061111111111111116
52	file:/Users/miriamthompson/Desktop/DH%20Project/Mallet/post_revolution/MVHD53.txt	0.25877192982456143	0.048245614035087724	0.048245614035087724	0.31140350877192985	0.048245614035087724	0.2850877192982456
53	file:/Users/miriamthompson/Desktop/DH%20Project/Mallet/post_revolution/MVHD84.txt	0.2517730496453901	0.01773049645390071	0.2730496453900709	0.03900709219858156	0.33687943262411346	0.08156028368794327
54	file:/Users/miriamthompson/Desktop/DH%20Project/Mallet/post_revolution/MVHD90.txt	0.3055555555555556	0.06746031746031747	0.40079365079365076	0.043650793650793655	0.11507936507936507	0.06746031746031747
55	file:/Users/miriamthompson/Desktop/DH%20Project/Mallet/post_revolution/MVHD86.txt	0.35984848484848486	0.01893939393939394	0.20075757575757577	0.06439393939393939	0.33712121212121215	0.01893939393939394
56	file:/Users/miriamthompson/Desktop/DH%20Project/Mallet/post_revolution/MVHD92.txt	0.3923611111111111	0.07986111111111112	0.10069444444444443	0.1840277777777778	0.1423611111111111	0.10069444444444443
57	file:/Users/miriamthompson/Desktop/DH%20Project/Mallet/post_revolution/MVHD79.txt	0.4349593495934959	0.044715447154471545	0.19105691056910568	0.14227642276422764	0.16666666666666666	0.02032520325203252
58	file:/Users/miriamthompson/Desktop/DH%20Project/Mallet/post_revolution/MVHD45.txt	0.2523809523809524	0.02380952380952381	0.13809523809523808	0.30952380952380953	0.02380952380952381	0.2523809523809524
59	file:/Users/miriamthompson/Desktop/DH%20Project/Mallet/post_revolution/MVHD51.txt	0.25877192982456143	0.048245614035087724	0.10087719298245615	0.07456140350877194	0.20614035087719298	0.31140350877192985
60	file:/Users/miriamthompson/Desktop/DH%20Project/Mallet/post_revolution/EHT66.txt	0.1388888888888889	0.1626984126984127	0.1865079365079365	0.1388888888888889	0.21031746031746032	0.1626984126984127
61	file:/Users/miriamthompson/Desktop/DH%20Project/Mallet/post_revolution/EHT72.txt	0.017361111111111112	0.43402777777777773	0.07986111111111112	0.2465277777777778	0.12152777777777778	0.10069444444444443
62	file:/Users/miriamthompson/Desktop/DH%20Project/Mallet/post_revolution/EHT73.txt	0.01893939393939394	0.33712121212121215	0.08712121212121213	0.268939393939394	0.178030303030303	0.10984848484848485
63	file:/Users/miriamthompson/Desktop/DH%20Project/Mallet/post_revolution/EHT67.txt	0.16666666666666666	0.37943262411347517	0.10283687943262411	0.10283687943262411	0.1453900709219858	0.10283687943262411
64	file:/Users/miriamthompson/Desktop/DH%20Project/Mallet/post_revolution/ESB1.txt	0.20707070707070707	0.11616161616161616	0.025252525252525252	0.025252525252525252	0.05555555555555556	0.5707070707070707
65	file:/Users/miriamthompson/Desktop/DH%20Project/Mallet/post_revolution/MVHD50.txt	0.07264957264957266	0.021367521367521368	0.405982905982906	0.25213675213675213	0.07264957264957266	0.1752136752136752
66	file:/Users/miriamthompson/Desktop/DH%20Project/Mallet/post_revolution/MVHD44.txt	0.22868217054263568	0.01937984496124031	0.1821705426356589	0.3682170542635659	0.08914728682170543	0.11240310077519379
67	file:/Users/miriamthompson/Desktop/DH%20Project/Mallet/post_revolution/MVHD78.txt	0.20098039215686272	0.024509803921568627	0.25980392156862747	0.024509803921568627	0.37745098039215685	0.11274509803921569
68	file:/Users/miriamthompson/Desktop/DH%20Project/Mallet/post_revolution/MVHD93.txt	0.46759259259259256	0.10648148148148148	0.02314814814814815	0.27314814814814814	0.02314814814814815	0.10648148148148148
69	file:/Users/miriamthompson/Desktop/DH%20Project/Mallet/post_revolution/MVHD87.txt	0.20068027210884354	0.0782312925170068	0.3435374149659864	0.05782312925170068	0.22108843537414968	0.09863945578231292
70	file:/Users/miriamthompson/Desktop/DH%20Project/Mallet/post_revolution/ESB15.txt	0.08518518518518518	0.06296296296296297	0.06296296296296297	0.5074074074074074	0.01851851851851852	0.26296296296296295
71	file:/Users/miriamthompson/Desktop/DH%20Project/Mallet/post_revolution/ESB29.txt	0.18468468468468469	0.26576576576576577	0.04954954954954956	0.04954954954954956	0.15765765765765766	0.2927927927927928
72	file:/Users/miriamthompson/Desktop/DH%20Project/Mallet/post_revolution/HRG2.txt	0.13141025641025642	0.16987179487179488	0.09294871794871794	0.15064102564102563	0.16987179487179488	0.28525641025641024
73	file:/Users/miriamthompson/Desktop/DH%20Project/Mallet/post_revolution/MVHD23.txt	0.25793650793650796	0.043650793650793655	0.1626984126984127	0.25793650793650796	0.23412698412698413	0.043650793650793655
74	file:/Users/miriamthompson/Desktop/DH%20Project/Mallet/post_revolution/MVHD37.txt	0.2751937984496124	0.2054263565891473	0.2054263565891473	0.2054263565891473	0.08914728682170543	0.01937984496124031
75	file:/Users/miriamthompson/Desktop/DH%20Project/Mallet/post_revolution/EHT28.txt	0.10507246376811594	0.213768115942029	0.25724637681159424	0.018115942028985508	0.1920289855072464	0.213768115942029
76	file:/Users/miriamthompson/Desktop/DH%20Project/Mallet/post_revolution/EHT14.txt	0.17407407407407408	0.01851851851851852	0.12962962962962962	0.35185185185185186	0.17407407407407408	0.15185185185185185
77	file:/Users/miriamthompson/Desktop/DH%20Project/Mallet/post_revolution/MVHD111.txt	0.3458333333333333	0.020833333333333336	0.19583333333333333	0.22083333333333335	0.12083333333333332	0.09583333333333334
78	file:/Users/miriamthompson/Desktop/DH%20Project/Mallet/post_revolution/MVHD105.txt	0.5611111111111111	0.02777777777777778	0.19444444444444445	0.02777777777777778	0.02777777777777778	0.1611111111111111
79	file:/Users/miriamthompson/Desktop/DH%20Project/Mallet/post_revolution/MVHD104.txt	0.3007246376811594	0.03985507246376812	0.14855072463768115	0.34420289855072467	0.14855072463768115	0.018115942028985508
80	file:/Users/miriamthompson/Desktop/DH%20Project/Mallet/post_revolution/MVHD110.txt	0.1388888888888889	0.28174603174603174	0.25793650793650796	0.23412698412698413	0.06746031746031747	0.019841269841269844
81	file:/Users/miriamthompson/Desktop/DH%20Project/Mallet/post_revolution/EHT15.txt	0.18027210884353742	0.09863945578231292	0.05782312925170068	0.2619047619047619	0.3231292517006803	0.0782312925170068
82	file:/Users/miriamthompson/Desktop/DH%20Project/Mallet/post_revolution/EHT29.txt	0.015723270440251572	0.2610062893081761	0.16666666666666669	0.05345911949685535	0.3553459119496855	0.14779874213836477
83	file:/Users/miriamthompson/Desktop/DH%20Project/Mallet/post_revolution/MVHD36.txt	0.26422764227642276	0.06910569105691057	0.11788617886178861	0.16666666666666666	0.06910569105691057	0.31300813008130085
84	file:/Users/miriamthompson/Desktop/DH%20Project/Mallet/post_revolution/MVHD22.txt	0.13809523809523808	0.05238095238095238	0.10952380952380952	0.30952380952380953	0.2238095238095238	0.16666666666666666
85	file:/Users/miriamthompson/Desktop/DH%20Project/Mallet/post_revolution/HRG3.txt	0.2355072463768116	0.08333333333333334	0.06159420289855073	0.25724637681159424	0.06159420289855073	0.3007246376811594
86	file:/Users/miriamthompson/Desktop/DH%20Project/Mallet/post_revolution/ESB28.txt	0.35185185185185186	0.24074074074074076	0.12962962962962962	0.040740740740740744	0.01851851851851852	0.21851851851851853
87	file:/Users/miriamthompson/Desktop/DH%20Project/Mallet/post_revolution/ESB14.txt	0.2124183006535948	0.13398692810457516	0.07516339869281045	0.23202614379084968	0.016339869281045753	0.3300653594771242
88	file:/Users/miriamthompson/Desktop/DH%20Project/Mallet/post_revolution/ESB16.txt	0.19583333333333333	0.09583333333333334	0.020833333333333336	0.22083333333333335	0.020833333333333336	0.4458333333333333
89	file:/Users/miriamthompson/Desktop/DH%20Project/Mallet/post_revolution/HRG1.txt	0.11240310077519379	0.5077519379844961	0.04263565891472869	0.08914728682170543	0.11240310077519379	0.13565891472868216
90	file:/Users/miriamthompson/Desktop/DH%20Project/Mallet/post_revolution/MVHD34.txt	0.13257575757575757	0.01893939393939394	0.24621212121212122	0.13257575757575757	0.08712121212121213	0.38257575757575757
91	file:/Users/miriamthompson/Desktop/DH%20Project/Mallet/post_revolution/MVHD20.txt	0.11616161616161616	0.05555555555555556	0.297979797979798	0.08585858585858586	0.025252525252525252	0.4191919191919192
92	file:/Users/miriamthompson/Desktop/DH%20Project/Mallet/post_revolution/EHT17.txt	0.08787878787878788	0.015151515151515152	0.4151515151515151	0.1606060606060606	0.2696969696969697	0.05151515151515152
93	file:/Users/miriamthompson/Desktop/DH%20Project/Mallet/post_revolution/MVHD106.txt	0.11616161616161616	0.05555555555555556	0.4494949494949495	0.20707070707070707	0.11616161616161616	0.05555555555555556
94	file:/Users/miriamthompson/Desktop/DH%20Project/Mallet/post_revolution/MVHD112.txt	0.3738738738738739	0.04954954954954956	0.26576576576576577	0.022522522522522525	0.07657657657657659	0.21171171171171171
95	file:/Users/miriamthompson/Desktop/DH%20Project/Mallet/post_revolution/MVHD113.txt	0.1920289855072464	0.018115942028985508	0.213768115942029	0.14855072463768115	0.14855072463768115	0.27898550724637683
96	file:/Users/miriamthompson/Desktop/DH%20Project/Mallet/post_revolution/MVHD107.txt	0.30341880341880345	0.09829059829059829	0.07264957264957266	0.30341880341880345	0.14957264957264957	0.07264957264957266
97	file:/Users/miriamthompson/Desktop/DH%20Project/Mallet/post_revolution/EHT16.txt	0.3237179487179487	0.09294871794871794	0.16987179487179488	0.11217948717948717	0.20833333333333334	0.09294871794871794
98	file:/Users/miriamthompson/Desktop/DH%20Project/Mallet/post_revolution/MVHD21.txt	0.2850877192982456	0.048245614035087724	0.12719298245614033	0.07456140350877194	0.25877192982456143	0.20614035087719298
99	file:/Users/miriamthompson/Desktop/DH%20Project/Mallet/post_revolution/MVHD35.txt	0.3659420289855072	0.03985507246376812	0.14855072463768115	0.06159420289855073	0.06159420289855073	0.322463768115942
100	file:/Users/miriamthompson/Desktop/DH%20Project/Mallet/post_revolution/ESB17.txt	0.0934959349593496	0.11788617886178861	0.02032520325203252	0.06910569105691057	0.02032520325203252	0.6788617886178862
101	file:/Users/miriamthompson/Desktop/DH%20Project/Mallet/post_revolution/ESB13.txt	0.07657657657657659	0.21171171171171171	0.13063063063063063	0.13063063063063063	0.04954954954954956	0.4009009009009009
102	file:/Users/miriamthompson/Desktop/DH%20Project/Mallet/post_revolution/HRG4.txt	0.05151515151515152	0.1787878787878788	0.10606060606060605	0.3424242424242424	0.03333333333333333	0.2878787878787879
103	file:/Users/miriamthompson/Desktop/DH%20Project/Mallet/post_revolution/MVHD19.txt	0.17982456140350878	0.048245614035087724	0.12719298245614033	0.5219298245614035	0.10087719298245615	0.02192982456140351
104	file:/Users/miriamthompson/Desktop/DH%20Project/Mallet/post_revolution/MVHD31.txt	0.3564814814814815	0.05092592592592593	0.02314814814814815	0.2175925925925926	0.27314814814814814	0.0787037037037037
105	file:/Users/miriamthompson/Desktop/DH%20Project/Mallet/post_revolution/MVHD25.txt	0.5509259259259259	0.05092592592592593	0.13425925925925924	0.0787037037037037	0.0787037037037037	0.10648148148148148
106	file:/Users/miriamthompson/Desktop/DH%20Project/Mallet/post_revolution/MVHD9.txt	0.11507936507936507	0.09126984126984128	0.3531746031746032	0.1388888888888889	0.1865079365079365	0.11507936507936507
107	file:/Users/miriamthompson/Desktop/DH%20Project/Mallet/post_revolution/EHT12.txt	0.05345911949685535	0.110062893081761	0.1289308176100629	0.20440251572327045	0.2610062893081761	0.24213836477987422
108	file:/Users/miriamthompson/Desktop/DH%20Project/Mallet/post_revolution/MVHD103.txt	0.39035087719298245	0.10087719298245615	0.17982456140350878	0.048245614035087724	0.17982456140350878	0.10087719298245615
109	file:/Users/miriamthompson/Desktop/DH%20Project/Mallet/post_revolution/MVHD117.txt	0.3380952380952381	0.13809523809523808	0.19523809523809524	0.13809523809523808	0.05238095238095238	0.13809523809523808
110	file:/Users/miriamthompson/Desktop/DH%20Project/Mallet/post_revolution/MVHD116.txt	0.4238095238095238	0.05238095238095238	0.13809523809523808	0.2523809523809524	0.08095238095238096	0.05238095238095238
111	file:/Users/miriamthompson/Desktop/DH%20Project/Mallet/post_revolution/MVHD102.txt	0.39583333333333337	0.020833333333333336	0.22083333333333335	0.14583333333333331	0.17083333333333334	0.04583333333333334
112	file:/Users/miriamthompson/Desktop/DH%20Project/Mallet/post_revolution/EHT13.txt	0.3682170542635659	0.15891472868217055	0.11240310077519379	0.11240310077519379	0.2054263565891473	0.04263565891472869
113	file:/Users/miriamthompson/Desktop/DH%20Project/Mallet/post_revolution/MVHD8.txt	0.6626984126984127	0.019841269841269844	0.25793650793650796	0.019841269841269844	0.019841269841269844	0.019841269841269844
114	file:/Users/miriamthompson/Desktop/DH%20Project/Mallet/post_revolution/MVHD24.txt	0.17407407407407408	0.1074074074074074	0.1962962962962963	0.01851851851851852	0.32962962962962966	0.17407407407407408
115	file:/Users/miriamthompson/Desktop/DH%20Project/Mallet/post_revolution/MVHD30.txt	0.1553030303030303	0.06439393939393939	0.35984848484848486	0.35984848484848486	0.04166666666666667	0.01893939393939394
116	file:/Users/miriamthompson/Desktop/DH%20Project/Mallet/post_revolution/MVHD18.txt	0.08585858585858586	0.025252525252525252	0.297979797979798	0.23737373737373738	0.17676767676767677	0.17676767676767677
117	file:/Users/miriamthompson/Desktop/DH%20Project/Mallet/post_revolution/ESB12.txt	0.017006802721088437	0.15986394557823128	0.05782312925170068	0.4047619047619047	0.017006802721088437	0.3435374149659864
118	file:/Users/miriamthompson/Desktop/DH%20Project/Mallet/post_revolution/ESB38.txt	0.04263565891472869	0.13565891472868216	0.13565891472868216	0.04263565891472869	0.01937984496124031	0.624031007751938
119	file:/Users/miriamthompson/Desktop/DH%20Project/Mallet/post_revolution/ESB10.txt	0.04954954954954956	0.10360360360360361	0.10360360360360361	0.022522522522522525	0.04954954954954956	0.6711711711711711
120	file:/Users/miriamthompson/Desktop/DH%20Project/Mallet/post_revolution/MVHD26.txt	0.30341880341880345	0.021367521367521368	0.20085470085470084	0.2777777777777778	0.1752136752136752	0.021367521367521368
121	file:/Users/miriamthompson/Desktop/DH%20Project/Mallet/post_revolution/MVHD32.txt	0.10283687943262411	0.08156028368794327	0.03900709219858156	0.18794326241134754	0.5709219858156028	0.01773049645390071
122	file:/Users/miriamthompson/Desktop/DH%20Project/Mallet/post_revolution/EHT11.txt	0.05345911949685535	0.05345911949685535	0.1289308176100629	0.24213836477987422	0.3742138364779874	0.14779874213836477
123	file:/Users/miriamthompson/Desktop/DH%20Project/Mallet/post_revolution/EHT39.txt	0.01893939393939394	0.38257575757575757	0.3143939393939394	0.08712121212121213	0.13257575757575757	0.06439393939393939
124	file:/Users/miriamthompson/Desktop/DH%20Project/Mallet/post_revolution/MVHD114.txt	0.1453900709219858	0.12411347517730496	0.23049645390070922	0.12411347517730496	0.2517730496453901	0.12411347517730496
125	file:/Users/miriamthompson/Desktop/DH%20Project/Mallet/post_revolution/MVHD100.txt	0.25193798449612403	0.11240310077519379	0.2984496124031008	0.06589147286821706	0.25193798449612403	0.01937984496124031
126	file:/Users/miriamthompson/Desktop/DH%20Project/Mallet/post_revolution/MVHD101.txt	0.496031746031746	0.019841269841269844	0.06746031746031747	0.11507936507936507	0.25793650793650796	0.043650793650793655
127	file:/Users/miriamthompson/Desktop/DH%20Project/Mallet/post_revolution/MVHD115.txt	0.3869047619047619	0.06547619047619048	0.06547619047619048	0.13690476190476192	0.13690476190476192	0.20833333333333331
128	file:/Users/miriamthompson/Desktop/DH%20Project/Mallet/post_revolution/EHT38.txt	0.01937984496124031	0.2751937984496124	0.2054263565891473	0.13565891472868216	0.22868217054263568	0.13565891472868216
129	file:/Users/miriamthompson/Desktop/DH%20Project/Mallet/post_revolution/EHT10.txt	0.40432098765432095	0.05246913580246914	0.10802469135802469	0.23765432098765432	0.18209876543209877	0.0154320987654321
130	file:/Users/miriamthompson/Desktop/DH%20Project/Mallet/post_revolution/MVHD33.txt	0.2234848484848485	0.01893939393939394	0.24621212121212122	0.10984848484848485	0.38257575757575757	0.01893939393939394
131	file:/Users/miriamthompson/Desktop/DH%20Project/Mallet/post_revolution/MVHD27.txt	0.3074074074074074	0.040740740740740744	0.1074074074074074	0.15185185185185185	0.32962962962962966	0.06296296296296297
132	file:/Users/miriamthompson/Desktop/DH%20Project/Mallet/post_revolution/ESB11.txt	0.1787878787878788	0.03333333333333333	0.08787878787878788	0.2878787878787879	0.1787878787878788	0.23333333333333334
133	file:/Users/miriamthompson/Desktop/DH%20Project/Mallet/post_revolution/ESB39.txt	0.12393162393162392	0.1752136752136752	0.047008547008547015	0.14957264957264957	0.09829059829059829	0.405982905982906
134	file:/Users/miriamthompson/Desktop/DH%20Project/Mallet/post_revolution/ESB20.txt	0.08712121212121213	0.24621212121212122	0.13257575757575757	0.01893939393939394	0.06439393939393939	0.45075757575757575
135	file:/Users/miriamthompson/Desktop/DH%20Project/Mallet/post_revolution/ESB34.txt	0.05246913580246914	0.16358024691358025	0.07098765432098765	0.03395061728395062	0.10802469135802469	0.5709876543209876
136	file:/Users/miriamthompson/Desktop/DH%20Project/Mallet/post_revolution/MVHD16.txt	0.4316239316239316	0.021367521367521368	0.32905982905982906	0.09829059829059829	0.07264957264957266	0.047008547008547015
137	file:/Users/miriamthompson/Desktop/DH%20Project/Mallet/post_revolution/MVHD6.txt	0.2886178861788618	0.02032520325203252	0.0934959349593496	0.2886178861788618	0.11788617886178861	0.19105691056910568
138	file:/Users/miriamthompson/Desktop/DH%20Project/Mallet/post_revolution/EHT21.txt	0.213768115942029	0.34420289855072467	0.17028985507246377	0.14855072463768115	0.018115942028985508	0.10507246376811594
139	file:/Users/miriamthompson/Desktop/DH%20Project/Mallet/post_revolution/EHT35.txt	0.06439393939393939	0.33712121212121215	0.08712121212121213	0.06439393939393939	0.33712121212121215	0.10984848484848485
140	file:/Users/miriamthompson/Desktop/DH%20Project/Mallet/post_revolution/MVHD118.txt	0.31981981981981983	0.13063063063063063	0.13063063063063063	0.21171171171171171	0.04954954954954956	0.15765765765765766
141	file:/Users/miriamthompson/Desktop/DH%20Project/Mallet/post_revolution/MVHD119.txt	0.5598290598290598	0.12393162393162392	0.047008547008547015	0.021367521367521368	0.12393162393162392	0.12393162393162392
142	file:/Users/miriamthompson/Desktop/DH%20Project/Mallet/post_revolution/EHT34.txt	0.08518518518518518	0.32962962962962966	0.040740740740740744	0.21851851851851853	0.1074074074074074	0.21851851851851853
143	file:/Users/miriamthompson/Desktop/DH%20Project/Mallet/post_revolution/EHT20.txt	0.15891472868217055	0.11240310077519379	0.15891472868217055	0.1821705426356589	0.2984496124031008	0.08914728682170543
144	file:/Users/miriamthompson/Desktop/DH%20Project/Mallet/post_revolution/MVHD7.txt	0.6626984126984127	0.019841269841269844	0.25793650793650796	0.019841269841269844	0.019841269841269844	0.019841269841269844
145	file:/Users/miriamthompson/Desktop/DH%20Project/Mallet/post_revolution/MVHD17.txt	0.5208333333333333	0.04583333333333334	0.12083333333333332	0.17083333333333334	0.020833333333333336	0.12083333333333332
146	file:/Users/miriamthompson/Desktop/DH%20Project/Mallet/post_revolution/ESB35.txt	0.01851851851851852	0.17407407407407408	0.1074074074074074	0.1962962962962963	0.1074074074074074	0.39629629629629626
147	file:/Users/miriamthompson/Desktop/DH%20Project/Mallet/post_revolution/ESB21.txt	0.01937984496124031	0.3449612403100775	0.06589147286821706	0.08914728682170543	0.04263565891472869	0.43798449612403095
148	file:/Users/miriamthompson/Desktop/DH%20Project/Mallet/post_revolution/ESB37.txt	0.30952380952380953	0.08095238095238096	0.28095238095238095	0.19523809523809524	0.02380952380952381	0.10952380952380952
149	file:/Users/miriamthompson/Desktop/DH%20Project/Mallet/post_revolution/ESB23.txt	0.3458333333333333	0.17083333333333334	0.07083333333333333	0.04583333333333334	0.020833333333333336	0.3458333333333333
150	file:/Users/miriamthompson/Desktop/DH%20Project/Mallet/post_revolution/MVHD15.txt	0.08333333333333334	0.03985507246376812	0.1920289855072464	0.1920289855072464	0.25724637681159424	0.2355072463768116
151	file:/Users/miriamthompson/Desktop/DH%20Project/Mallet/post_revolution/MVHD29.txt	0.24074074074074076	0.01851851851851852	0.24074074074074076	0.24074074074074076	0.15185185185185185	0.1074074074074074
152	file:/Users/miriamthompson/Desktop/DH%20Project/Mallet/post_revolution/MVHD5.txt	0.15765765765765766	0.15765765765765766	0.04954954954954956	0.4549549549549549	0.022522522522522525	0.15765765765765766
153	file:/Users/miriamthompson/Desktop/DH%20Project/Mallet/post_revolution/EHT36.txt	0.22569444444444445	0.10069444444444443	0.2465277777777778	0.10069444444444443	0.2673611111111111	0.05902777777777778
154	file:/Users/miriamthompson/Desktop/DH%20Project/Mallet/post_revolution/EHT22.txt	0.08787878787878788	0.10606060606060605	0.08787878787878788	0.2696969696969697	0.396969696969697	0.05151515151515152
155	file:/Users/miriamthompson/Desktop/DH%20Project/Mallet/post_revolution/EHT23.txt	0.28231292517006806	0.13945578231292516	0.11904761904761904	0.13945578231292516	0.28231292517006806	0.03741496598639456
156	file:/Users/miriamthompson/Desktop/DH%20Project/Mallet/post_revolution/EHT37.txt	0.07986111111111112	0.37152777777777773	0.017361111111111112	0.05902777777777778	0.12152777777777778	0.3506944444444444
157	file:/Users/miriamthompson/Desktop/DH%20Project/Mallet/post_revolution/MVHD4.txt	0.405982905982906	0.07264957264957266	0.07264957264957266	0.22649572649572652	0.047008547008547015	0.1752136752136752
158	file:/Users/miriamthompson/Desktop/DH%20Project/Mallet/post_revolution/MVHD28.txt	0.42792792792792794	0.022522522522522525	0.26576576576576577	0.022522522522522525	0.10360360360360361	0.15765765765765766
159	file:/Users/miriamthompson/Desktop/DH%20Project/Mallet/post_revolution/MVHD14.txt	0.16987179487179488	0.2467948717948718	0.11217948717948717	0.11217948717948717	0.18910256410256412	0.16987179487179488
160	file:/Users/miriamthompson/Desktop/DH%20Project/Mallet/post_revolution/ESB22.txt	0.322463768115942	0.03985507246376812	0.018115942028985508	0.3007246376811594	0.03985507246376812	0.27898550724637683
161	file:/Users/miriamthompson/Desktop/DH%20Project/Mallet/post_revolution/ESB36.txt	0.12962962962962962	0.24074074074074076	0.1074074074074074	0.040740740740740744	0.01851851851851852	0.4629629629629629
162	file:/Users/miriamthompson/Desktop/DH%20Project/Mallet/post_revolution/ESB32.txt	0.05238095238095238	0.16666666666666666	0.05238095238095238	0.16666666666666666	0.02380952380952381	0.5380952380952381
163	file:/Users/miriamthompson/Desktop/DH%20Project/Mallet/post_revolution/ESB26.txt	0.26422764227642276	0.19105691056910568	0.02032520325203252	0.16666666666666666	0.02032520325203252	0.33739837398373984
164	file:/Users/miriamthompson/Desktop/DH%20Project/Mallet/post_revolution/MVHD38.txt	0.11217948717948717	0.28525641025641024	0.266025641025641	0.11217948717948717	0.11217948717948717	0.11217948717948717
165	file:/Users/miriamthompson/Desktop/DH%20Project/Mallet/post_revolution/MVHD10.txt	0.09829059829059829	0.047008547008547015	0.1752136752136752	0.25213675213675213	0.3803418803418804	0.047008547008547015
166	file:/Users/miriamthompson/Desktop/DH%20Project/Mallet/post_revolution/EHT33.txt	0.01851851851851852	0.17407407407407408	0.17407407407407408	0.06296296296296297	0.4185185185185185	0.15185185185185185
167	file:/Users/miriamthompson/Desktop/DH%20Project/Mallet/post_revolution/EHT27.txt	0.016025641025641028	0.18910256410256412	0.4583333333333333	0.07371794871794872	0.11217948717948717	0.15064102564102563
168	file:/Users/miriamthompson/Desktop/DH%20Project/Mallet/post_revolution/EHT26.txt	0.06589147286821706	0.3682170542635659	0.2054263565891473	0.1821705426356589	0.11240310077519379	0.06589147286821706
169	file:/Users/miriamthompson/Desktop/DH%20Project/Mallet/post_revolution/EHT32.txt	0.01893939393939394	0.10984848484848485	0.06439393939393939	0.1553030303030303	0.6325757575757576	0.01893939393939394
170	file:/Users/miriamthompson/Desktop/DH%20Project/Mallet/post_revolution/MVHD1.txt	0.23412698412698413	0.019841269841269844	0.1388888888888889	0.06746031746031747	0.3055555555555556	0.23412698412698413
171	file:/Users/miriamthompson/Desktop/DH%20Project/Mallet/post_revolution/MVHD11.txt	0.22777777777777777	0.09444444444444446	0.09444444444444446	0.1611111111111111	0.19444444444444445	0.22777777777777777
172	file:/Users/miriamthompson/Desktop/DH%20Project/Mallet/post_revolution/MVHD39.txt	0.12681159420289853	0.018115942028985508	0.1920289855072464	0.322463768115942	0.17028985507246377	0.17028985507246377
173	file:/Users/miriamthompson/Desktop/DH%20Project/Mallet/post_revolution/ESB27.txt	0.02777777777777778	0.1277777777777778	0.09444444444444446	0.1611111111111111	0.09444444444444446	0.49444444444444446
174	file:/Users/miriamthompson/Desktop/DH%20Project/Mallet/post_revolution/ESB33.txt	0.2886178861788618	0.0934959349593496	0.044715447154471545	0.044715447154471545	0.11788617886178861	0.41056910569105687
175	file:/Users/miriamthompson/Desktop/DH%20Project/Mallet/post_revolution/ESB19.txt	0.2006172839506173	0.07098765432098765	0.2006172839506173	0.18209876543209877	0.08950617283950617	0.25617283950617287
176	file:/Users/miriamthompson/Desktop/DH%20Project/Mallet/post_revolution/ESB25.txt	0.2712418300653595	0.2124183006535948	0.13398692810457516	0.016339869281045753	0.173202614379085	0.19281045751633988
177	file:/Users/miriamthompson/Desktop/DH%20Project/Mallet/post_revolution/ESB31.txt	0.17083333333333334	0.09583333333333334	0.14583333333333331	0.14583333333333331	0.04583333333333334	0.39583333333333337
178	file:/Users/miriamthompson/Desktop/DH%20Project/Mallet/post_revolution/MVHD13.txt	0.1821705426356589	0.06589147286821706	0.32170542635658916	0.11240310077519379	0.25193798449612403	0.06589147286821706
179	file:/Users/miriamthompson/Desktop/DH%20Project/Mallet/post_revolution/MVHD3.txt	0.297979797979798	0.17676767676767677	0.05555555555555556	0.11616161616161616	0.11616161616161616	0.23737373737373738
180	file:/Users/miriamthompson/Desktop/DH%20Project/Mallet/post_revolution/EHT24.txt	0.28174603174603174	0.11507936507936507	0.1626984126984127	0.043650793650793655	0.376984126984127	0.019841269841269844
181	file:/Users/miriamthompson/Desktop/DH%20Project/Mallet/post_revolution/EHT30.txt	0.016666666666666666	0.11666666666666665	0.17666666666666667	0.05666666666666667	0.33666666666666667	0.2966666666666667
182	file:/Users/miriamthompson/Desktop/DH%20Project/Mallet/post_revolution/EHT18.txt	0.16666666666666666	0.16666666666666666	0.2092198581560284	0.2517730496453901	0.18794326241134754	0.01773049645390071
183	file:/Users/miriamthompson/Desktop/DH%20Project/Mallet/post_revolution/MVHD121.txt	0.15104166666666666	0.11979166666666667	0.3385416666666667	0.05729166666666667	0.08854166666666667	0.24479166666666666
184	file:/Users/miriamthompson/Desktop/DH%20Project/Mallet/post_revolution/MVHD109.txt	0.46111111111111114	0.09444444444444446	0.1277777777777778	0.02777777777777778	0.22777777777777777	0.061111111111111116
185	file:/Users/miriamthompson/Desktop/DH%20Project/Mallet/post_revolution/MVHD108.txt	0.1626984126984127	0.06746031746031747	0.06746031746031747	0.40079365079365076	0.28174603174603174	0.019841269841269844
186	file:/Users/miriamthompson/Desktop/DH%20Project/Mallet/post_revolution/MVHD120.txt	0.09829059829059829	0.021367521367521368	0.3803418803418804	0.12393162393162392	0.2777777777777778	0.09829059829059829
187	file:/Users/miriamthompson/Desktop/DH%20Project/Mallet/post_revolution/EHT19.txt	0.2515151515151515	0.0696969696969697	0.21515151515151515	0.1787878787878788	0.2515151515151515	0.03333333333333333
188	file:/Users/miriamthompson/Desktop/DH%20Project/Mallet/post_revolution/EHT31.txt	0.03741496598639456	0.22108843537414968	0.11904761904761904	0.18027210884353742	0.3639455782312925	0.0782312925170068
189	file:/Users/miriamthompson/Desktop/DH%20Project/Mallet/post_revolution/EHT25.txt	0.376984126984127	0.09126984126984128	0.25793650793650796	0.09126984126984128	0.1626984126984127	0.019841269841269844
190	file:/Users/miriamthompson/Desktop/DH%20Project/Mallet/post_revolution/MVHD2.txt	0.07264957264957266	0.07264957264957266	0.021367521367521368	0.22649572649572652	0.3803418803418804	0.22649572649572652
191	file:/Users/miriamthompson/Desktop/DH%20Project/Mallet/post_revolution/MVHD12.txt	0.15350877192982457	0.07456140350877194	0.25877192982456143	0.31140350877192985	0.07456140350877194	0.12719298245614033
192	file:/Users/miriamthompson/Desktop/DH%20Project/Mallet/post_revolution/ESB30.txt	0.2238095238095238	0.3380952380952381	0.02380952380952381	0.13809523809523808	0.05238095238095238	0.2238095238095238
193	file:/Users/miriamthompson/Desktop/DH%20Project/Mallet/post_revolution/ESB24.txt	0.12424242424242424	0.2878787878787879	0.10606060606060605	0.05151515151515152	0.10606060606060605	0.3242424242424242
194	file:/Users/miriamthompson/Desktop/DH%20Project/Mallet/post_revolution/ESB18.txt	0.14583333333333331	0.24583333333333335	0.020833333333333336	0.09583333333333334	0.09583333333333334	0.39583333333333337
195	file:/Users/miriamthompson/Desktop/DH%20Project/Mallet/post_revolution/MVHD61.txt	0.23873873873873874	0.07657657657657659	0.15765765765765766	0.31981981981981983	0.13063063063063063	0.07657657657657659
