0	file:/Users/miriamthompson/Desktop/DH%20Project/Mallet/post_revolution/MVHD83.txt	0.08974358974358974	0.6025641025641025	0.01282051282051282	0.0641025641025641	0.01282051282051282	0.038461538461538464	0.01282051282051282	0.14102564102564102	0.01282051282051282	0.01282051282051282
1	file:/Users/miriamthompson/Desktop/DH%20Project/Mallet/post_revolution/MVHD97.txt	0.1	0.32857142857142857	0.07142857142857142	0.014285714285714285	0.15714285714285714	0.1	0.07142857142857142	0.014285714285714285	0.014285714285714285	0.12857142857142856
2	file:/Users/miriamthompson/Desktop/DH%20Project/Mallet/post_revolution/MVHD40.txt	0.12745098039215685	0.10784313725490197	0.049019607843137254	0.16666666666666666	0.00980392156862745	0.10784313725490197	0.00980392156862745	0.00980392156862745	0.28431372549019607	0.12745098039215685
3	file:/Users/miriamthompson/Desktop/DH%20Project/Mallet/post_revolution/MVHD54.txt	0.18478260869565216	0.14130434782608695	0.09782608695652174	0.11956521739130435	0.05434782608695652	0.03260869565217391	0.03260869565217391	0.16304347826086957	0.010869565217391304	0.16304347826086957
4	file:/Users/miriamthompson/Desktop/DH%20Project/Mallet/post_revolution/MVHD68.txt	0.07142857142857142	0.1	0.1	0.04285714285714286	0.07142857142857142	0.014285714285714285	0.04285714285714286	0.38571428571428573	0.014285714285714285	0.15714285714285714
5	file:/Users/miriamthompson/Desktop/DH%20Project/Mallet/post_revolution/MBS3.txt	0.10833333333333334	0.025	0.125	0.175	0.19166666666666668	0.025	0.175	0.14166666666666666	0.025	0.008333333333333333
6	file:/Users/miriamthompson/Desktop/DH%20Project/Mallet/post_revolution/EHT8.txt	0.038461538461538464	0.4230769230769231	0.14102564102564102	0.21794871794871795	0.038461538461538464	0.01282051282051282	0.01282051282051282	0.038461538461538464	0.038461538461538464	0.038461538461538464
7	file:/Users/miriamthompson/Desktop/DH%20Project/Mallet/post_revolution/ESB5.txt	0.04285714285714286	0.014285714285714285	0.014285714285714285	0.014285714285714285	0.014285714285714285	0.21428571428571427	0.12857142857142856	0.1	0.04285714285714286	0.4142857142857143
8	file:/Users/miriamthompson/Desktop/DH%20Project/Mallet/post_revolution/EHT63.txt	0.18627450980392157	0.08823529411764706	0.049019607843137254	0.00980392156862745	0.12745098039215685	0.08823529411764706	0.049019607843137254	0.029411764705882353	0.3627450980392157	0.00980392156862745
9	file:/Users/miriamthompson/Desktop/DH%20Project/Mallet/post_revolution/EHT77.txt	0.05555555555555555	0.05555555555555555	0.03333333333333333	0.25555555555555554	0.011111111111111112	0.03333333333333333	0.07777777777777778	0.05555555555555555	0.3888888888888889	0.03333333333333333
10	file:/Users/miriamthompson/Desktop/DH%20Project/Mallet/post_revolution/EHT76.txt	0.08139534883720931	0.10465116279069768	0.1744186046511628	0.05813953488372093	0.08139534883720931	0.011627906976744186	0.12790697674418605	0.08139534883720931	0.19767441860465115	0.08139534883720931
11	file:/Users/miriamthompson/Desktop/DH%20Project/Mallet/post_revolution/EHT62.txt	0.009615384615384616	0.04807692307692308	0.18269230769230768	0.16346153846153846	0.08653846153846154	0.009615384615384616	0.028846153846153848	0.009615384615384616	0.4326923076923077	0.028846153846153848
12	file:/Users/miriamthompson/Desktop/DH%20Project/Mallet/post_revolution/ESB4.txt	0.017241379310344827	0.017241379310344827	0.08620689655172414	0.017241379310344827	0.08620689655172414	0.15517241379310345	0.3275862068965517	0.08620689655172414	0.017241379310344827	0.1896551724137931
13	file:/Users/miriamthompson/Desktop/DH%20Project/Mallet/post_revolution/EHT9.txt	0.14444444444444443	0.05555555555555555	0.16666666666666666	0.2111111111111111	0.011111111111111112	0.18888888888888888	0.011111111111111112	0.03333333333333333	0.05555555555555555	0.12222222222222222
14	file:/Users/miriamthompson/Desktop/DH%20Project/Mallet/post_revolution/MBS2.txt	0.00980392156862745	0.18627450980392157	0.00980392156862745	0.16666666666666666	0.06862745098039216	0.16666666666666666	0.18627450980392157	0.10784313725490197	0.06862745098039216	0.029411764705882353
15	file:/Users/miriamthompson/Desktop/DH%20Project/Mallet/post_revolution/MVHD69.txt	0.33695652173913043	0.010869565217391304	0.05434782608695652	0.09782608695652174	0.11956521739130435	0.18478260869565216	0.010869565217391304	0.16304347826086957	0.010869565217391304	0.010869565217391304
16	file:/Users/miriamthompson/Desktop/DH%20Project/Mallet/post_revolution/MVHD55.txt	0.28125	0.3645833333333333	0.09375	0.03125	0.052083333333333336	0.010416666666666666	0.010416666666666666	0.010416666666666666	0.07291666666666667	0.07291666666666667
17	file:/Users/miriamthompson/Desktop/DH%20Project/Mallet/post_revolution/MVHD41.txt	0.06097560975609756	0.08536585365853659	0.13414634146341464	0.036585365853658534	0.012195121951219513	0.012195121951219513	0.10975609756097561	0.036585365853658534	0.012195121951219513	0.5
18	file:/Users/miriamthompson/Desktop/DH%20Project/Mallet/post_revolution/MVHD96.txt	0.12857142857142856	0.4714285714285714	0.04285714285714286	0.07142857142857142	0.04285714285714286	0.014285714285714285	0.014285714285714285	0.18571428571428572	0.014285714285714285	0.014285714285714285
19	file:/Users/miriamthompson/Desktop/DH%20Project/Mallet/post_revolution/MVHD82.txt	0.06944444444444445	0.18055555555555555	0.09722222222222222	0.125	0.013888888888888888	0.2916666666666667	0.041666666666666664	0.06944444444444445	0.06944444444444445	0.041666666666666664
20	file:/Users/miriamthompson/Desktop/DH%20Project/Mallet/post_revolution/MVHD94.txt	0.5	0.01282051282051282	0.08974358974358974	0.038461538461538464	0.01282051282051282	0.19230769230769232	0.01282051282051282	0.038461538461538464	0.01282051282051282	0.08974358974358974
21	file:/Users/miriamthompson/Desktop/DH%20Project/Mallet/post_revolution/MVHD80.txt	0.16666666666666666	0.24358974358974358	0.2692307692307692	0.01282051282051282	0.01282051282051282	0.01282051282051282	0.01282051282051282	0.16666666666666666	0.01282051282051282	0.08974358974358974
22	file:/Users/miriamthompson/Desktop/DH%20Project/Mallet/post_revolution/MVHD57.txt	0.4230769230769231	0.11538461538461539	0.038461538461538464	0.01282051282051282	0.01282051282051282	0.0641025641025641	0.038461538461538464	0.0641025641025641	0.11538461538461539	0.11538461538461539
23	file:/Users/miriamthompson/Desktop/DH%20Project/Mallet/post_revolution/MVHD43.txt	0.32954545454545453	0.2159090909090909	0.056818181818181816	0.10227272727272728	0.14772727272727273	0.10227272727272728	0.011363636363636364	0.011363636363636364	0.011363636363636364	0.011363636363636364
24	file:/Users/miriamthompson/Desktop/DH%20Project/Mallet/post_revolution/ESB6.txt	0.010638297872340425	0.031914893617021274	0.031914893617021274	0.09574468085106383	0.010638297872340425	0.32978723404255317	0.18085106382978725	0.11702127659574468	0.010638297872340425	0.18085106382978725
25	file:/Users/miriamthompson/Desktop/DH%20Project/Mallet/post_revolution/EHT48.txt	0.03409090909090909	0.14772727272727273	0.03409090909090909	0.07954545454545454	0.125	0.03409090909090909	0.011363636363636364	0.17045454545454544	0.3522727272727273	0.011363636363636364
26	file:/Users/miriamthompson/Desktop/DH%20Project/Mallet/post_revolution/EHT74.txt	0.010638297872340425	0.05319148936170213	0.031914893617021274	0.010638297872340425	0.05319148936170213	0.05319148936170213	0.07446808510638298	0.09574468085106383	0.6063829787234043	0.010638297872340425
27	file:/Users/miriamthompson/Desktop/DH%20Project/Mallet/post_revolution/EHT60.txt	0.010416666666666666	0.010416666666666666	0.03125	0.28125	0.17708333333333334	0.010416666666666666	0.052083333333333336	0.11458333333333333	0.28125	0.03125
28	file:/Users/miriamthompson/Desktop/DH%20Project/Mallet/post_revolution/EHT61.txt	0.01282051282051282	0.32051282051282054	0.08974358974358974	0.01282051282051282	0.11538461538461539	0.01282051282051282	0.038461538461538464	0.0641025641025641	0.32051282051282054	0.01282051282051282
29	file:/Users/miriamthompson/Desktop/DH%20Project/Mallet/post_revolution/EHT75.txt	0.09782608695652174	0.05434782608695652	0.03260869565217391	0.03260869565217391	0.16304347826086957	0.010869565217391304	0.010869565217391304	0.010869565217391304	0.5543478260869565	0.03260869565217391
30	file:/Users/miriamthompson/Desktop/DH%20Project/Mallet/post_revolution/EHT49.txt	0.010638297872340425	0.09574468085106383	0.13829787234042554	0.20212765957446807	0.09574468085106383	0.010638297872340425	0.010638297872340425	0.07446808510638298	0.32978723404255317	0.031914893617021274
31	file:/Users/miriamthompson/Desktop/DH%20Project/Mallet/post_revolution/ESB7.txt	0.22340425531914893	0.010638297872340425	0.05319148936170213	0.031914893617021274	0.05319148936170213	0.13829787234042554	0.09574468085106383	0.18085106382978725	0.18085106382978725	0.031914893617021274
32	file:/Users/miriamthompson/Desktop/DH%20Project/Mallet/post_revolution/MBS1.txt	0.06862745098039216	0.00980392156862745	0.12745098039215685	0.00980392156862745	0.08823529411764706	0.049019607843137254	0.28431372549019607	0.14705882352941177	0.10784313725490197	0.10784313725490197
33	file:/Users/miriamthompson/Desktop/DH%20Project/Mallet/post_revolution/MVHD42.txt	0.125	0.19318181818181818	0.10227272727272728	0.056818181818181816	0.056818181818181816	0.03409090909090909	0.03409090909090909	0.17045454545454544	0.03409090909090909	0.19318181818181818
34	file:/Users/miriamthompson/Desktop/DH%20Project/Mallet/post_revolution/MVHD56.txt	0.17045454545454544	0.17045454545454544	0.056818181818181816	0.03409090909090909	0.07954545454545454	0.17045454545454544	0.07954545454545454	0.14772727272727273	0.056818181818181816	0.03409090909090909
35	file:/Users/miriamthompson/Desktop/DH%20Project/Mallet/post_revolution/MVHD81.txt	0.23333333333333334	0.07777777777777778	0.14444444444444443	0.05555555555555555	0.2111111111111111	0.12222222222222222	0.1	0.011111111111111112	0.03333333333333333	0.011111111111111112
36	file:/Users/miriamthompson/Desktop/DH%20Project/Mallet/post_revolution/MVHD95.txt	0.3048780487804878	0.012195121951219513	0.036585365853658534	0.012195121951219513	0.036585365853658534	0.23170731707317074	0.10975609756097561	0.13414634146341464	0.012195121951219513	0.10975609756097561
37	file:/Users/miriamthompson/Desktop/DH%20Project/Mallet/post_revolution/MVHD91.txt	0.05319148936170213	0.26595744680851063	0.031914893617021274	0.07446808510638298	0.05319148936170213	0.11702127659574468	0.031914893617021274	0.24468085106382978	0.031914893617021274	0.09574468085106383
38	file:/Users/miriamthompson/Desktop/DH%20Project/Mallet/post_revolution/MVHD85.txt	0.17567567567567569	0.22972972972972974	0.20270270270270271	0.12162162162162163	0.013513513513513514	0.0945945945945946	0.013513513513513514	0.013513513513513514	0.06756756756756757	0.06756756756756757
39	file:/Users/miriamthompson/Desktop/DH%20Project/Mallet/post_revolution/MVHD52.txt	0.19736842105263158	0.17105263157894737	0.039473684210526314	0.013157894736842105	0.17105263157894737	0.039473684210526314	0.27631578947368424	0.013157894736842105	0.06578947368421052	0.013157894736842105
40	file:/Users/miriamthompson/Desktop/DH%20Project/Mallet/post_revolution/MVHD46.txt	0.010638297872340425	0.18085106382978725	0.24468085106382978	0.07446808510638298	0.010638297872340425	0.13829787234042554	0.05319148936170213	0.010638297872340425	0.031914893617021274	0.24468085106382978
41	file:/Users/miriamthompson/Desktop/DH%20Project/Mallet/post_revolution/MBS5.txt	0.011111111111111112	0.05555555555555555	0.011111111111111112	0.07777777777777778	0.011111111111111112	0.1	0.23333333333333334	0.34444444444444444	0.05555555555555555	0.1
42	file:/Users/miriamthompson/Desktop/DH%20Project/Mallet/post_revolution/ESB3.txt	0.016129032258064516	0.016129032258064516	0.08064516129032258	0.016129032258064516	0.04838709677419355	0.20967741935483872	0.3064516129032258	0.20967741935483872	0.016129032258064516	0.08064516129032258
43	file:/Users/miriamthompson/Desktop/DH%20Project/Mallet/post_revolution/EHT71.txt	0.01020408163265306	0.01020408163265306	0.07142857142857142	0.15306122448979592	0.4387755102040816	0.01020408163265306	0.01020408163265306	0.030612244897959183	0.25510204081632654	0.01020408163265306
44	file:/Users/miriamthompson/Desktop/DH%20Project/Mallet/post_revolution/EHT65.txt	0.056818181818181816	0.056818181818181816	0.2840909090909091	0.10227272727272728	0.03409090909090909	0.056818181818181816	0.056818181818181816	0.07954545454545454	0.23863636363636365	0.03409090909090909
45	file:/Users/miriamthompson/Desktop/DH%20Project/Mallet/post_revolution/EHT59.txt	0.010869565217391304	0.07608695652173914	0.18478260869565216	0.22826086956521738	0.18478260869565216	0.010869565217391304	0.010869565217391304	0.18478260869565216	0.09782608695652174	0.010869565217391304
46	file:/Users/miriamthompson/Desktop/DH%20Project/Mallet/post_revolution/EHT58.txt	0.11458333333333333	0.010416666666666666	0.052083333333333336	0.46875	0.07291666666666667	0.010416666666666666	0.03125	0.010416666666666666	0.21875	0.010416666666666666
47	file:/Users/miriamthompson/Desktop/DH%20Project/Mallet/post_revolution/EHT64.txt	0.03333333333333333	0.011111111111111112	0.12222222222222222	0.14444444444444443	0.12222222222222222	0.1	0.07777777777777778	0.011111111111111112	0.36666666666666664	0.011111111111111112
48	file:/Users/miriamthompson/Desktop/DH%20Project/Mallet/post_revolution/EHT70.txt	0.056818181818181816	0.011363636363636364	0.10227272727272728	0.2840909090909091	0.17045454545454544	0.011363636363636364	0.011363636363636364	0.125	0.2159090909090909	0.011363636363636364
49	file:/Users/miriamthompson/Desktop/DH%20Project/Mallet/post_revolution/ESB2.txt	0.10606060606060606	0.07575757575757576	0.015151515151515152	0.015151515151515152	0.045454545454545456	0.2878787878787879	0.015151515151515152	0.045454545454545456	0.015151515151515152	0.3787878787878788
50	file:/Users/miriamthompson/Desktop/DH%20Project/Mallet/post_revolution/MBS4.txt	0.030612244897959183	0.05102040816326531	0.19387755102040816	0.11224489795918367	0.17346938775510204	0.23469387755102042	0.1326530612244898	0.030612244897959183	0.030612244897959183	0.01020408163265306
51	file:/Users/miriamthompson/Desktop/DH%20Project/Mallet/post_revolution/MVHD47.txt	0.27419354838709675	0.1774193548387097	0.08064516129032258	0.016129032258064516	0.20967741935483872	0.08064516129032258	0.016129032258064516	0.016129032258064516	0.08064516129032258	0.04838709677419355
52	file:/Users/miriamthompson/Desktop/DH%20Project/Mallet/post_revolution/MVHD53.txt	0.013157894736842105	0.35526315789473684	0.039473684210526314	0.013157894736842105	0.039473684210526314	0.013157894736842105	0.2236842105263158	0.14473684210526316	0.013157894736842105	0.14473684210526316
53	file:/Users/miriamthompson/Desktop/DH%20Project/Mallet/post_revolution/MVHD84.txt	0.010416666666666666	0.21875	0.09375	0.010416666666666666	0.09375	0.052083333333333336	0.07291666666666667	0.17708333333333334	0.07291666666666667	0.19791666666666666
54	file:/Users/miriamthompson/Desktop/DH%20Project/Mallet/post_revolution/MVHD90.txt	0.2159090909090909	0.19318181818181818	0.19318181818181818	0.03409090909090909	0.03409090909090909	0.07954545454545454	0.011363636363636364	0.17045454545454544	0.011363636363636364	0.056818181818181816
55	file:/Users/miriamthompson/Desktop/DH%20Project/Mallet/post_revolution/MVHD86.txt	0.03260869565217391	0.3804347826086957	0.03260869565217391	0.09782608695652174	0.010869565217391304	0.010869565217391304	0.07608695652173914	0.25	0.010869565217391304	0.09782608695652174
56	file:/Users/miriamthompson/Desktop/DH%20Project/Mallet/post_revolution/MVHD92.txt	0.17	0.29	0.03	0.01	0.05	0.07	0.01	0.23	0.01	0.13
57	file:/Users/miriamthompson/Desktop/DH%20Project/Mallet/post_revolution/MVHD79.txt	0.13095238095238096	0.2976190476190476	0.011904761904761904	0.08333333333333333	0.03571428571428571	0.011904761904761904	0.05952380952380952	0.2261904761904762	0.03571428571428571	0.10714285714285714
58	file:/Users/miriamthompson/Desktop/DH%20Project/Mallet/post_revolution/MVHD45.txt	0.09722222222222222	0.041666666666666664	0.06944444444444445	0.013888888888888888	0.2361111111111111	0.013888888888888888	0.3194444444444444	0.013888888888888888	0.013888888888888888	0.18055555555555555
59	file:/Users/miriamthompson/Desktop/DH%20Project/Mallet/post_revolution/MVHD51.txt	0.3974358974358974	0.0641025641025641	0.038461538461538464	0.08974358974358974	0.01282051282051282	0.19230769230769232	0.038461538461538464	0.038461538461538464	0.0641025641025641	0.0641025641025641
60	file:/Users/miriamthompson/Desktop/DH%20Project/Mallet/post_revolution/EHT66.txt	0.03571428571428571	0.03571428571428571	0.08333333333333333	0.08333333333333333	0.10714285714285714	0.15476190476190477	0.011904761904761904	0.13095238095238096	0.34523809523809523	0.011904761904761904
61	file:/Users/miriamthompson/Desktop/DH%20Project/Mallet/post_revolution/EHT72.txt	0.010416666666666666	0.052083333333333336	0.052083333333333336	0.07291666666666667	0.34375	0.09375	0.052083333333333336	0.09375	0.19791666666666666	0.03125
62	file:/Users/miriamthompson/Desktop/DH%20Project/Mallet/post_revolution/EHT73.txt	0.03409090909090909	0.07954545454545454	0.011363636363636364	0.19318181818181818	0.07954545454545454	0.03409090909090909	0.011363636363636364	0.056818181818181816	0.48863636363636365	0.011363636363636364
63	file:/Users/miriamthompson/Desktop/DH%20Project/Mallet/post_revolution/EHT67.txt	0.010638297872340425	0.07446808510638298	0.13829787234042554	0.24468085106382978	0.09574468085106383	0.031914893617021274	0.031914893617021274	0.010638297872340425	0.35106382978723405	0.010638297872340425
64	file:/Users/miriamthompson/Desktop/DH%20Project/Mallet/post_revolution/ESB1.txt	0.13636363636363635	0.07575757575757576	0.015151515151515152	0.015151515151515152	0.015151515151515152	0.16666666666666666	0.3787878787878788	0.015151515151515152	0.10606060606060606	0.07575757575757576
65	file:/Users/miriamthompson/Desktop/DH%20Project/Mallet/post_revolution/MVHD50.txt	0.0641025641025641	0.01282051282051282	0.11538461538461539	0.01282051282051282	0.01282051282051282	0.2692307692307692	0.2692307692307692	0.08974358974358974	0.0641025641025641	0.08974358974358974
66	file:/Users/miriamthompson/Desktop/DH%20Project/Mallet/post_revolution/MVHD44.txt	0.12790697674418605	0.08139534883720931	0.08139534883720931	0.10465116279069768	0.03488372093023256	0.4069767441860465	0.011627906976744186	0.12790697674418605	0.011627906976744186	0.011627906976744186
67	file:/Users/miriamthompson/Desktop/DH%20Project/Mallet/post_revolution/MVHD78.txt	0.2916666666666667	0.1527777777777778	0.09722222222222222	0.013888888888888888	0.09722222222222222	0.2361111111111111	0.06944444444444445	0.013888888888888888	0.013888888888888888	0.013888888888888888
68	file:/Users/miriamthompson/Desktop/DH%20Project/Mallet/post_revolution/MVHD93.txt	0.125	0.2638888888888889	0.041666666666666664	0.20833333333333334	0.013888888888888888	0.013888888888888888	0.06944444444444445	0.013888888888888888	0.06944444444444445	0.18055555555555555
69	file:/Users/miriamthompson/Desktop/DH%20Project/Mallet/post_revolution/MVHD87.txt	0.19	0.19	0.13	0.09	0.11	0.03	0.13	0.11	0.01	0.01
70	file:/Users/miriamthompson/Desktop/DH%20Project/Mallet/post_revolution/ESB15.txt	0.03260869565217391	0.03260869565217391	0.07608695652173914	0.010869565217391304	0.05434782608695652	0.11956521739130435	0.22826086956521738	0.07608695652173914	0.010869565217391304	0.358695652173913
71	file:/Users/miriamthompson/Desktop/DH%20Project/Mallet/post_revolution/ESB29.txt	0.16666666666666666	0.14102564102564102	0.08974358974358974	0.01282051282051282	0.01282051282051282	0.038461538461538464	0.14102564102564102	0.14102564102564102	0.01282051282051282	0.24358974358974358
72	file:/Users/miriamthompson/Desktop/DH%20Project/Mallet/post_revolution/HRG2.txt	0.125	0.08653846153846154	0.028846153846153848	0.16346153846153846	0.125	0.009615384615384616	0.20192307692307693	0.14423076923076922	0.04807692307692308	0.0673076923076923
73	file:/Users/miriamthompson/Desktop/DH%20Project/Mallet/post_revolution/MVHD23.txt	0.03571428571428571	0.5119047619047619	0.08333333333333333	0.011904761904761904	0.011904761904761904	0.03571428571428571	0.03571428571428571	0.03571428571428571	0.03571428571428571	0.20238095238095238
74	file:/Users/miriamthompson/Desktop/DH%20Project/Mallet/post_revolution/MVHD37.txt	0.05555555555555555	0.36666666666666664	0.03333333333333333	0.05555555555555555	0.1	0.011111111111111112	0.011111111111111112	0.05555555555555555	0.03333333333333333	0.2777777777777778
75	file:/Users/miriamthompson/Desktop/DH%20Project/Mallet/post_revolution/EHT28.txt	0.03260869565217391	0.010869565217391304	0.03260869565217391	0.20652173913043478	0.03260869565217391	0.010869565217391304	0.03260869565217391	0.010869565217391304	0.4673913043478261	0.16304347826086957
76	file:/Users/miriamthompson/Desktop/DH%20Project/Mallet/post_revolution/EHT14.txt	0.5888888888888889	0.03333333333333333	0.03333333333333333	0.011111111111111112	0.05555555555555555	0.16666666666666666	0.011111111111111112	0.05555555555555555	0.03333333333333333	0.011111111111111112
77	file:/Users/miriamthompson/Desktop/DH%20Project/Mallet/post_revolution/MVHD111.txt	0.05813953488372093	0.19767441860465115	0.08139534883720931	0.05813953488372093	0.12790697674418605	0.10465116279069768	0.011627906976744186	0.29069767441860467	0.011627906976744186	0.05813953488372093
78	file:/Users/miriamthompson/Desktop/DH%20Project/Mallet/post_revolution/MVHD105.txt	0.015625	0.234375	0.296875	0.078125	0.109375	0.015625	0.109375	0.015625	0.015625	0.109375
79	file:/Users/miriamthompson/Desktop/DH%20Project/Mallet/post_revolution/MVHD104.txt	0.11458333333333333	0.4895833333333333	0.010416666666666666	0.010416666666666666	0.09375	0.03125	0.010416666666666666	0.13541666666666666	0.03125	0.07291666666666667
80	file:/Users/miriamthompson/Desktop/DH%20Project/Mallet/post_revolution/MVHD110.txt	0.08139534883720931	0.011627906976744186	0.22093023255813954	0.08139534883720931	0.011627906976744186	0.03488372093023256	0.011627906976744186	0.22093023255813954	0.22093023255813954	0.10465116279069768
81	file:/Users/miriamthompson/Desktop/DH%20Project/Mallet/post_revolution/EHT15.txt	0.07	0.15	0.03	0.23	0.05	0.11	0.03	0.13	0.13	0.07
82	file:/Users/miriamthompson/Desktop/DH%20Project/Mallet/post_revolution/EHT29.txt	0.027777777777777776	0.10185185185185185	0.046296296296296294	0.25	0.10185185185185185	0.1574074074074074	0.009259259259259259	0.027777777777777776	0.21296296296296297	0.06481481481481481
83	file:/Users/miriamthompson/Desktop/DH%20Project/Mallet/post_revolution/MVHD36.txt	0.05813953488372093	0.1744186046511628	0.2441860465116279	0.011627906976744186	0.011627906976744186	0.03488372093023256	0.05813953488372093	0.05813953488372093	0.03488372093023256	0.313953488372093
84	file:/Users/miriamthompson/Desktop/DH%20Project/Mallet/post_revolution/MVHD22.txt	0.06944444444444445	0.2638888888888889	0.041666666666666664	0.013888888888888888	0.013888888888888888	0.20833333333333334	0.013888888888888888	0.09722222222222222	0.041666666666666664	0.2361111111111111
85	file:/Users/miriamthompson/Desktop/DH%20Project/Mallet/post_revolution/HRG3.txt	0.010869565217391304	0.20652173913043478	0.010869565217391304	0.03260869565217391	0.03260869565217391	0.010869565217391304	0.09782608695652174	0.33695652173913043	0.07608695652173914	0.18478260869565216
86	file:/Users/miriamthompson/Desktop/DH%20Project/Mallet/post_revolution/ESB28.txt	0.011111111111111112	0.011111111111111112	0.07777777777777778	0.011111111111111112	0.03333333333333333	0.05555555555555555	0.3888888888888889	0.03333333333333333	0.03333333333333333	0.34444444444444444
87	file:/Users/miriamthompson/Desktop/DH%20Project/Mallet/post_revolution/ESB14.txt	0.0673076923076923	0.009615384615384616	0.009615384615384616	0.009615384615384616	0.028846153846153848	0.028846153846153848	0.22115384615384615	0.009615384615384616	0.25961538461538464	0.3557692307692308
88	file:/Users/miriamthompson/Desktop/DH%20Project/Mallet/post_revolution/ESB16.txt	0.13095238095238096	0.03571428571428571	0.011904761904761904	0.011904761904761904	0.03571428571428571	0.03571428571428571	0.27380952380952384	0.05952380952380952	0.05952380952380952	0.34523809523809523
89	file:/Users/miriamthompson/Desktop/DH%20Project/Mallet/post_revolution/HRG1.txt	0.03488372093023256	0.10465116279069768	0.011627906976744186	0.3372093023255814	0.12790697674418605	0.011627906976744186	0.10465116279069768	0.03488372093023256	0.10465116279069768	0.12790697674418605
90	file:/Users/miriamthompson/Desktop/DH%20Project/Mallet/post_revolution/MVHD34.txt	0.18888888888888888	0.14444444444444443	0.1	0.011111111111111112	0.011111111111111112	0.011111111111111112	0.011111111111111112	0.05555555555555555	0.16666666666666666	0.3
91	file:/Users/miriamthompson/Desktop/DH%20Project/Mallet/post_revolution/MVHD20.txt	0.07575757575757576	0.015151515151515152	0.015151515151515152	0.015151515151515152	0.015151515151515152	0.015151515151515152	0.4696969696969697	0.10606060606060606	0.015151515151515152	0.25757575757575757
92	file:/Users/miriamthompson/Desktop/DH%20Project/Mallet/post_revolution/EHT17.txt	0.20535714285714285	0.11607142857142858	0.044642857142857144	0.29464285714285715	0.09821428571428571	0.008928571428571428	0.008928571428571428	0.044642857142857144	0.09821428571428571	0.08035714285714286
93	file:/Users/miriamthompson/Desktop/DH%20Project/Mallet/post_revolution/MVHD106.txt	0.16176470588235295	0.3382352941176471	0.07352941176470588	0.014705882352941176	0.04411764705882353	0.10294117647058823	0.014705882352941176	0.04411764705882353	0.014705882352941176	0.19117647058823528
94	file:/Users/miriamthompson/Desktop/DH%20Project/Mallet/post_revolution/MVHD112.txt	0.0945945945945946	0.013513513513513514	0.04054054054054054	0.06756756756756757	0.0945945945945946	0.04054054054054054	0.06756756756756757	0.20270270270270271	0.013513513513513514	0.36486486486486486
95	file:/Users/miriamthompson/Desktop/DH%20Project/Mallet/post_revolution/MVHD113.txt	0.22826086956521738	0.07608695652173914	0.010869565217391304	0.18478260869565216	0.07608695652173914	0.11956521739130435	0.11956521739130435	0.07608695652173914	0.07608695652173914	0.03260869565217391
96	file:/Users/miriamthompson/Desktop/DH%20Project/Mallet/post_revolution/MVHD107.txt	0.0625	0.1375	0.1875	0.0125	0.0125	0.0375	0.0125	0.2375	0.0875	0.2125
97	file:/Users/miriamthompson/Desktop/DH%20Project/Mallet/post_revolution/EHT16.txt	0.04807692307692308	0.125	0.2403846153846154	0.14423076923076922	0.0673076923076923	0.125	0.009615384615384616	0.18269230769230768	0.009615384615384616	0.04807692307692308
98	file:/Users/miriamthompson/Desktop/DH%20Project/Mallet/post_revolution/MVHD21.txt	0.11842105263157894	0.17105263157894737	0.013157894736842105	0.013157894736842105	0.013157894736842105	0.039473684210526314	0.06578947368421052	0.4868421052631579	0.013157894736842105	0.06578947368421052
99	file:/Users/miriamthompson/Desktop/DH%20Project/Mallet/post_revolution/MVHD35.txt	0.010638297872340425	0.18085106382978725	0.24468085106382978	0.031914893617021274	0.010638297872340425	0.010638297872340425	0.010638297872340425	0.010638297872340425	0.031914893617021274	0.4574468085106383
100	file:/Users/miriamthompson/Desktop/DH%20Project/Mallet/post_revolution/ESB17.txt	0.08333333333333333	0.03571428571428571	0.011904761904761904	0.011904761904761904	0.011904761904761904	0.10714285714285714	0.5833333333333334	0.10714285714285714	0.011904761904761904	0.03571428571428571
101	file:/Users/miriamthompson/Desktop/DH%20Project/Mallet/post_revolution/ESB13.txt	0.12162162162162163	0.0945945945945946	0.04054054054054054	0.013513513513513514	0.04054054054054054	0.013513513513513514	0.47297297297297297	0.0945945945945946	0.04054054054054054	0.06756756756756757
102	file:/Users/miriamthompson/Desktop/DH%20Project/Mallet/post_revolution/HRG4.txt	0.00909090909090909	0.20909090909090908	0.045454545454545456	0.00909090909090909	0.02727272727272727	0.11818181818181818	0.3181818181818182	0.17272727272727273	0.00909090909090909	0.08181818181818182
103	file:/Users/miriamthompson/Desktop/DH%20Project/Mallet/post_revolution/MVHD19.txt	0.16666666666666666	0.08974358974358974	0.01282051282051282	0.0641025641025641	0.038461538461538464	0.038461538461538464	0.038461538461538464	0.47435897435897434	0.0641025641025641	0.01282051282051282
104	file:/Users/miriamthompson/Desktop/DH%20Project/Mallet/post_revolution/MVHD31.txt	0.3918918918918919	0.0945945945945946	0.12162162162162163	0.04054054054054054	0.013513513513513514	0.013513513513513514	0.12162162162162163	0.06756756756756757	0.013513513513513514	0.12162162162162163
105	file:/Users/miriamthompson/Desktop/DH%20Project/Mallet/post_revolution/MVHD25.txt	0.013888888888888888	0.4861111111111111	0.18055555555555555	0.013888888888888888	0.09722222222222222	0.013888888888888888	0.013888888888888888	0.06944444444444445	0.013888888888888888	0.09722222222222222
106	file:/Users/miriamthompson/Desktop/DH%20Project/Mallet/post_revolution/MVHD9.txt	0.056818181818181816	0.17045454545454544	0.3977272727272727	0.011363636363636364	0.011363636363636364	0.07954545454545454	0.125	0.011363636363636364	0.03409090909090909	0.10227272727272728
107	file:/Users/miriamthompson/Desktop/DH%20Project/Mallet/post_revolution/EHT12.txt	0.04716981132075472	0.02830188679245283	0.04716981132075472	0.009433962264150943	0.1792452830188679	0.46226415094339623	0.009433962264150943	0.04716981132075472	0.02830188679245283	0.14150943396226415
108	file:/Users/miriamthompson/Desktop/DH%20Project/Mallet/post_revolution/MVHD103.txt	0.01282051282051282	0.2692307692307692	0.0641025641025641	0.01282051282051282	0.0641025641025641	0.08974358974358974	0.01282051282051282	0.24358974358974358	0.01282051282051282	0.21794871794871795
109	file:/Users/miriamthompson/Desktop/DH%20Project/Mallet/post_revolution/MVHD117.txt	0.013888888888888888	0.2361111111111111	0.06944444444444445	0.06944444444444445	0.06944444444444445	0.09722222222222222	0.09722222222222222	0.2916666666666667	0.041666666666666664	0.013888888888888888
110	file:/Users/miriamthompson/Desktop/DH%20Project/Mallet/post_revolution/MVHD116.txt	0.06756756756756757	0.28378378378378377	0.0945945945945946	0.013513513513513514	0.17567567567567569	0.0945945945945946	0.04054054054054054	0.14864864864864866	0.013513513513513514	0.06756756756756757
111	file:/Users/miriamthompson/Desktop/DH%20Project/Mallet/post_revolution/MVHD102.txt	0.0875	0.1625	0.0625	0.0625	0.0875	0.0125	0.0125	0.1875	0.0125	0.3125
112	file:/Users/miriamthompson/Desktop/DH%20Project/Mallet/post_revolution/EHT13.txt	0.2441860465116279	0.22093023255813954	0.011627906976744186	0.1744186046511628	0.08139534883720931	0.011627906976744186	0.08139534883720931	0.10465116279069768	0.05813953488372093	0.011627906976744186
113	file:/Users/miriamthompson/Desktop/DH%20Project/Mallet/post_revolution/MVHD8.txt	0.07954545454545454	0.011363636363636364	0.48863636363636365	0.011363636363636364	0.3522727272727273	0.011363636363636364	0.011363636363636364	0.011363636363636364	0.011363636363636364	0.011363636363636364
114	file:/Users/miriamthompson/Desktop/DH%20Project/Mallet/post_revolution/MVHD24.txt	0.2717391304347826	0.20652173913043478	0.20652173913043478	0.03260869565217391	0.03260869565217391	0.07608695652173914	0.11956521739130435	0.010869565217391304	0.010869565217391304	0.03260869565217391
115	file:/Users/miriamthompson/Desktop/DH%20Project/Mallet/post_revolution/MVHD30.txt	0.33695652173913043	0.03260869565217391	0.010869565217391304	0.05434782608695652	0.010869565217391304	0.05434782608695652	0.22826086956521738	0.11956521739130435	0.010869565217391304	0.14130434782608695
116	file:/Users/miriamthompson/Desktop/DH%20Project/Mallet/post_revolution/MVHD18.txt	0.19117647058823528	0.07352941176470588	0.1323529411764706	0.014705882352941176	0.014705882352941176	0.07352941176470588	0.1323529411764706	0.16176470588235295	0.10294117647058823	0.10294117647058823
117	file:/Users/miriamthompson/Desktop/DH%20Project/Mallet/post_revolution/ESB12.txt	0.2755102040816326	0.01020408163265306	0.05102040816326531	0.1326530612244898	0.01020408163265306	0.01020408163265306	0.07142857142857142	0.01020408163265306	0.01020408163265306	0.41836734693877553
118	file:/Users/miriamthompson/Desktop/DH%20Project/Mallet/post_revolution/ESB38.txt	0.05813953488372093	0.011627906976744186	0.011627906976744186	0.011627906976744186	0.011627906976744186	0.45348837209302323	0.22093023255813954	0.1511627906976744	0.011627906976744186	0.05813953488372093
119	file:/Users/miriamthompson/Desktop/DH%20Project/Mallet/post_revolution/ESB10.txt	0.17567567567567569	0.013513513513513514	0.06756756756756757	0.013513513513513514	0.013513513513513514	0.06756756756756757	0.36486486486486486	0.0945945945945946	0.04054054054054054	0.14864864864864866
120	file:/Users/miriamthompson/Desktop/DH%20Project/Mallet/post_revolution/MVHD26.txt	0.0641025641025641	0.2948717948717949	0.01282051282051282	0.01282051282051282	0.01282051282051282	0.038461538461538464	0.08974358974358974	0.08974358974358974	0.01282051282051282	0.3717948717948718
121	file:/Users/miriamthompson/Desktop/DH%20Project/Mallet/post_revolution/MVHD32.txt	0.3854166666666667	0.052083333333333336	0.052083333333333336	0.010416666666666666	0.13541666666666666	0.28125	0.010416666666666666	0.03125	0.010416666666666666	0.03125
122	file:/Users/miriamthompson/Desktop/DH%20Project/Mallet/post_revolution/EHT11.txt	0.12264150943396226	0.10377358490566038	0.08490566037735849	0.0660377358490566	0.14150943396226415	0.25471698113207547	0.10377358490566038	0.009433962264150943	0.04716981132075472	0.0660377358490566
123	file:/Users/miriamthompson/Desktop/DH%20Project/Mallet/post_revolution/EHT39.txt	0.1	0.12222222222222222	0.1	0.14444444444444443	0.1	0.011111111111111112	0.011111111111111112	0.011111111111111112	0.3888888888888889	0.011111111111111112
124	file:/Users/miriamthompson/Desktop/DH%20Project/Mallet/post_revolution/MVHD114.txt	0.07446808510638298	0.2872340425531915	0.11702127659574468	0.09574468085106383	0.07446808510638298	0.031914893617021274	0.031914893617021274	0.05319148936170213	0.09574468085106383	0.13829787234042554
125	file:/Users/miriamthompson/Desktop/DH%20Project/Mallet/post_revolution/MVHD100.txt	0.07954545454545454	0.3068181818181818	0.2159090909090909	0.07954545454545454	0.17045454545454544	0.03409090909090909	0.011363636363636364	0.011363636363636364	0.011363636363636364	0.07954545454545454
126	file:/Users/miriamthompson/Desktop/DH%20Project/Mallet/post_revolution/MVHD101.txt	0.125	0.26136363636363635	0.07954545454545454	0.011363636363636364	0.011363636363636364	0.07954545454545454	0.056818181818181816	0.3068181818181818	0.011363636363636364	0.056818181818181816
127	file:/Users/miriamthompson/Desktop/DH%20Project/Mallet/post_revolution/MVHD115.txt	0.017241379310344827	0.603448275862069	0.05172413793103448	0.05172413793103448	0.1206896551724138	0.017241379310344827	0.017241379310344827	0.017241379310344827	0.017241379310344827	0.08620689655172414
128	file:/Users/miriamthompson/Desktop/DH%20Project/Mallet/post_revolution/EHT38.txt	0.011363636363636364	0.056818181818181816	0.011363636363636364	0.14772727272727273	0.42045454545454547	0.056818181818181816	0.011363636363636364	0.011363636363636364	0.2159090909090909	0.056818181818181816
129	file:/Users/miriamthompson/Desktop/DH%20Project/Mallet/post_revolution/EHT10.txt	0.3	0.22727272727272727	0.13636363636363635	0.02727272727272727	0.13636363636363635	0.13636363636363635	0.00909090909090909	0.00909090909090909	0.00909090909090909	0.00909090909090909
130	file:/Users/miriamthompson/Desktop/DH%20Project/Mallet/post_revolution/MVHD33.txt	0.18888888888888888	0.23333333333333334	0.14444444444444443	0.05555555555555555	0.1	0.011111111111111112	0.07777777777777778	0.14444444444444443	0.011111111111111112	0.03333333333333333
131	file:/Users/miriamthompson/Desktop/DH%20Project/Mallet/post_revolution/MVHD27.txt	0.14130434782608695	0.09782608695652174	0.09782608695652174	0.03260869565217391	0.09782608695652174	0.11956521739130435	0.05434782608695652	0.03260869565217391	0.010869565217391304	0.31521739130434784
132	file:/Users/miriamthompson/Desktop/DH%20Project/Mallet/post_revolution/ESB11.txt	0.20909090909090908	0.00909090909090909	0.02727272727272727	0.00909090909090909	0.22727272727272727	0.08181818181818182	0.08181818181818182	0.045454545454545456	0.02727272727272727	0.2818181818181818
133	file:/Users/miriamthompson/Desktop/DH%20Project/Mallet/post_revolution/ESB39.txt	0.0125	0.0125	0.0375	0.0125	0.0375	0.1875	0.3125	0.0125	0.0125	0.3625
134	file:/Users/miriamthompson/Desktop/DH%20Project/Mallet/post_revolution/ESB20.txt	0.011363636363636364	0.03409090909090909	0.056818181818181816	0.011363636363636364	0.056818181818181816	0.07954545454545454	0.5113636363636364	0.056818181818181816	0.011363636363636364	0.17045454545454544
135	file:/Users/miriamthompson/Desktop/DH%20Project/Mallet/post_revolution/ESB34.txt	0.009259259259259259	0.009259259259259259	0.1388888888888889	0.009259259259259259	0.027777777777777776	0.4537037037037037	0.10185185185185185	0.23148148148148148	0.009259259259259259	0.009259259259259259
136	file:/Users/miriamthompson/Desktop/DH%20Project/Mallet/post_revolution/MVHD16.txt	0.10975609756097561	0.35365853658536583	0.012195121951219513	0.036585365853658534	0.18292682926829268	0.2073170731707317	0.036585365853658534	0.012195121951219513	0.012195121951219513	0.036585365853658534
137	file:/Users/miriamthompson/Desktop/DH%20Project/Mallet/post_revolution/MVHD6.txt	0.036585365853658534	0.15853658536585366	0.012195121951219513	0.036585365853658534	0.012195121951219513	0.012195121951219513	0.036585365853658534	0.45121951219512196	0.08536585365853659	0.15853658536585366
138	file:/Users/miriamthompson/Desktop/DH%20Project/Mallet/post_revolution/EHT21.txt	0.031914893617021274	0.24468085106382978	0.05319148936170213	0.32978723404255317	0.031914893617021274	0.05319148936170213	0.031914893617021274	0.11702127659574468	0.09574468085106383	0.010638297872340425
139	file:/Users/miriamthompson/Desktop/DH%20Project/Mallet/post_revolution/EHT35.txt	0.05555555555555555	0.011111111111111112	0.011111111111111112	0.5222222222222223	0.18888888888888888	0.05555555555555555	0.011111111111111112	0.011111111111111112	0.12222222222222222	0.011111111111111112
140	file:/Users/miriamthompson/Desktop/DH%20Project/Mallet/post_revolution/MVHD118.txt	0.0945945945945946	0.3108108108108108	0.06756756756756757	0.013513513513513514	0.013513513513513514	0.0945945945945946	0.06756756756756757	0.22972972972972974	0.0945945945945946	0.013513513513513514
141	file:/Users/miriamthompson/Desktop/DH%20Project/Mallet/post_revolution/MVHD119.txt	0.08974358974358974	0.2948717948717949	0.08974358974358974	0.19230769230769232	0.08974358974358974	0.01282051282051282	0.08974358974358974	0.11538461538461539	0.01282051282051282	0.01282051282051282
142	file:/Users/miriamthompson/Desktop/DH%20Project/Mallet/post_revolution/EHT34.txt	0.14444444444444443	0.03333333333333333	0.011111111111111112	0.12222222222222222	0.03333333333333333	0.1	0.1	0.12222222222222222	0.32222222222222224	0.011111111111111112
143	file:/Users/miriamthompson/Desktop/DH%20Project/Mallet/post_revolution/EHT20.txt	0.43023255813953487	0.011627906976744186	0.10465116279069768	0.03488372093023256	0.1511627906976744	0.22093023255813954	0.011627906976744186	0.011627906976744186	0.011627906976744186	0.011627906976744186
144	file:/Users/miriamthompson/Desktop/DH%20Project/Mallet/post_revolution/MVHD7.txt	0.03409090909090909	0.011363636363636364	0.5113636363636364	0.011363636363636364	0.375	0.011363636363636364	0.011363636363636364	0.011363636363636364	0.011363636363636364	0.011363636363636364
