0	file:/Users/miriamthompson/Desktop/DH%20Project/Mallet/post_revolution/MVHD83.txt	0.05555555555555556	0.47979797979797983	0.23737373737373738	0.025252525252525252	0.14646464646464646	0.05555555555555556
1	file:/Users/miriamthompson/Desktop/DH%20Project/Mallet/post_revolution/MVHD97.txt	0.08333333333333334	0.05392156862745098	0.3186274509803922	0.46568627450980393	0.05392156862745098	0.024509803921568627
2	file:/Users/miriamthompson/Desktop/DH%20Project/Mallet/post_revolution/MVHD40.txt	0.2366666666666667	0.5366666666666666	0.016666666666666666	0.05666666666666667	0.016666666666666666	0.13666666666666666
3	file:/Users/miriamthompson/Desktop/DH%20Project/Mallet/post_revolution/MVHD54.txt	0.3143939393939394	0.1553030303030303	0.08712121212121213	0.20075757575757577	0.13257575757575757	0.10984848484848485
4	file:/Users/miriamthompson/Desktop/DH%20Project/Mallet/post_revolution/MVHD68.txt	0.3666666666666667	0.13809523809523808	0.10952380952380952	0.19523809523809524	0.05238095238095238	0.13809523809523808
5	file:/Users/miriamthompson/Desktop/DH%20Project/Mallet/post_revolution/MBS3.txt	0.01388888888888889	0.01388888888888889	0.28055555555555556	0.14722222222222223	0.0638888888888889	0.4805555555555555
6	file:/Users/miriamthompson/Desktop/DH%20Project/Mallet/post_revolution/EHT8.txt	0.1752136752136752	0.30341880341880345	0.3547008547008547	0.021367521367521368	0.12393162393162392	0.021367521367521368
7	file:/Users/miriamthompson/Desktop/DH%20Project/Mallet/post_revolution/ESB5.txt	0.19523809523809524	0.08095238095238096	0.19523809523809524	0.13809523809523808	0.30952380952380953	0.08095238095238096
8	file:/Users/miriamthompson/Desktop/DH%20Project/Mallet/post_revolution/EHT63.txt	0.15359477124183005	0.05555555555555556	0.05555555555555556	0.2124183006535948	0.23202614379084968	0.2908496732026144
9	file:/Users/miriamthompson/Desktop/DH%20Project/Mallet/post_revolution/EHT77.txt	0.08518518518518518	0.040740740740740744	0.5518518518518518	0.1074074074074074	0.12962962962962962	0.08518518518518518
10	file:/Users/miriamthompson/Desktop/DH%20Project/Mallet/post_revolution/EHT76.txt	0.5436507936507936	0.019841269841269844	0.043650793650793655	0.11507936507936507	0.23412698412698413	0.043650793650793655
11	file:/Users/miriamthompson/Desktop/DH%20Project/Mallet/post_revolution/EHT62.txt	0.016666666666666666	0.09666666666666666	0.5566666666666666	0.016666666666666666	0.13666666666666666	0.17666666666666667
12	file:/Users/miriamthompson/Desktop/DH%20Project/Mallet/post_revolution/ESB4.txt	0.028735632183908046	0.09770114942528736	0.028735632183908046	0.3045977011494253	0.5114942528735632	0.028735632183908046
13	file:/Users/miriamthompson/Desktop/DH%20Project/Mallet/post_revolution/EHT9.txt	0.15185185185185185	0.1074074074074074	0.040740740740740744	0.040740740740740744	0.6407407407407407	0.01851851851851852
14	file:/Users/miriamthompson/Desktop/DH%20Project/Mallet/post_revolution/MBS2.txt	0.19281045751633988	0.05555555555555556	0.2712418300653595	0.016339869281045753	0.34967320261437906	0.11437908496732026
15	file:/Users/miriamthompson/Desktop/DH%20Project/Mallet/post_revolution/MVHD69.txt	0.26296296296296295	0.040740740740740744	0.08518518518518518	0.37407407407407406	0.12962962962962962	0.1074074074074074
16	file:/Users/miriamthompson/Desktop/DH%20Project/Mallet/post_revolution/MVHD55.txt	0.2517730496453901	0.3581560283687943	0.18794326241134754	0.1453900709219858	0.01773049645390071	0.03900709219858156
17	file:/Users/miriamthompson/Desktop/DH%20Project/Mallet/post_revolution/MVHD41.txt	0.14583333333333331	0.3458333333333333	0.04583333333333334	0.24583333333333335	0.09583333333333334	0.12083333333333332
18	file:/Users/miriamthompson/Desktop/DH%20Project/Mallet/post_revolution/MVHD96.txt	0.4494949494949495	0.23737373737373738	0.17676767676767677	0.05555555555555556	0.025252525252525252	0.05555555555555556
19	file:/Users/miriamthompson/Desktop/DH%20Project/Mallet/post_revolution/MVHD82.txt	0.10648148148148148	0.27314814814814814	0.30092592592592593	0.02314814814814815	0.2175925925925926	0.0787037037037037
20	file:/Users/miriamthompson/Desktop/DH%20Project/Mallet/post_revolution/MVHD94.txt	0.22649572649572652	0.22649572649572652	0.09829059829059829	0.14957264957264957	0.2777777777777778	0.021367521367521368
21	file:/Users/miriamthompson/Desktop/DH%20Project/Mallet/post_revolution/MVHD80.txt	0.30341880341880345	0.405982905982906	0.047008547008547015	0.14957264957264957	0.07264957264957266	0.021367521367521368
22	file:/Users/miriamthompson/Desktop/DH%20Project/Mallet/post_revolution/MVHD57.txt	0.36403508771929827	0.17982456140350878	0.15350877192982457	0.25877192982456143	0.02192982456140351	0.02192982456140351
23	file:/Users/miriamthompson/Desktop/DH%20Project/Mallet/post_revolution/MVHD43.txt	0.2054263565891473	0.13565891472868216	0.2054263565891473	0.2054263565891473	0.1821705426356589	0.06589147286821706
24	file:/Users/miriamthompson/Desktop/DH%20Project/Mallet/post_revolution/ESB6.txt	0.03900709219858156	0.03900709219858156	0.1453900709219858	0.5070921985815603	0.23049645390070922	0.03900709219858156
25	file:/Users/miriamthompson/Desktop/DH%20Project/Mallet/post_revolution/EHT48.txt	0.20075757575757577	0.01893939393939394	0.47348484848484845	0.01893939393939394	0.04166666666666667	0.24621212121212122
26	file:/Users/miriamthompson/Desktop/DH%20Project/Mallet/post_revolution/EHT74.txt	0.10507246376811594	0.06159420289855073	0.5181159420289855	0.018115942028985508	0.03985507246376812	0.25724637681159424
27	file:/Users/miriamthompson/Desktop/DH%20Project/Mallet/post_revolution/EHT60.txt	0.017361111111111112	0.20486111111111113	0.2881944444444445	0.017361111111111112	0.20486111111111113	0.2673611111111111
28	file:/Users/miriamthompson/Desktop/DH%20Project/Mallet/post_revolution/EHT61.txt	0.02192982456140351	0.02192982456140351	0.31140350877192985	0.048245614035087724	0.36403508771929827	0.23245614035087722
29	file:/Users/miriamthompson/Desktop/DH%20Project/Mallet/post_revolution/EHT75.txt	0.1962962962962963	0.01851851851851852	0.2851851851851852	0.06296296296296297	0.32962962962962966	0.1074074074074074
30	file:/Users/miriamthompson/Desktop/DH%20Project/Mallet/post_revolution/EHT49.txt	0.06159420289855073	0.03985507246376812	0.5181159420289855	0.03985507246376812	0.10507246376811594	0.2355072463768116
31	file:/Users/miriamthompson/Desktop/DH%20Project/Mallet/post_revolution/ESB7.txt	0.12411347517730496	0.08156028368794327	0.1453900709219858	0.08156028368794327	0.1453900709219858	0.4219858156028369
32	file:/Users/miriamthompson/Desktop/DH%20Project/Mallet/post_revolution/MBS1.txt	0.016339869281045753	0.03594771241830066	0.173202614379085	0.38888888888888884	0.25163398692810457	0.13398692810457516
33	file:/Users/miriamthompson/Desktop/DH%20Project/Mallet/post_revolution/MVHD42.txt	0.11240310077519379	0.13565891472868216	0.25193798449612403	0.13565891472868216	0.2751937984496124	0.08914728682170543
34	file:/Users/miriamthompson/Desktop/DH%20Project/Mallet/post_revolution/MVHD56.txt	0.2054263565891473	0.11240310077519379	0.2054263565891473	0.32170542635658916	0.13565891472868216	0.01937984496124031
35	file:/Users/miriamthompson/Desktop/DH%20Project/Mallet/post_revolution/MVHD81.txt	0.12962962962962962	0.15185185185185185	0.12962962962962962	0.39629629629629626	0.17407407407407408	0.01851851851851852
36	file:/Users/miriamthompson/Desktop/DH%20Project/Mallet/post_revolution/MVHD95.txt	0.6008771929824561	0.23245614035087722	0.02192982456140351	0.048245614035087724	0.02192982456140351	0.07456140350877194
37	file:/Users/miriamthompson/Desktop/DH%20Project/Mallet/post_revolution/MVHD91.txt	0.18794326241134754	0.2943262411347518	0.01773049645390071	0.31560283687943264	0.12411347517730496	0.060283687943262415
38	file:/Users/miriamthompson/Desktop/DH%20Project/Mallet/post_revolution/MVHD85.txt	0.27314814814814814	0.27314814814814814	0.10648148148148148	0.1898148148148148	0.05092592592592593	0.10648148148148148
39	file:/Users/miriamthompson/Desktop/DH%20Project/Mallet/post_revolution/MVHD52.txt	0.21171171171171171	0.34684684684684686	0.07657657657657659	0.31981981981981983	0.022522522522522525	0.022522522522522525
40	file:/Users/miriamthompson/Desktop/DH%20Project/Mallet/post_revolution/MVHD46.txt	0.3007246376811594	0.10507246376811594	0.17028985507246377	0.10507246376811594	0.2355072463768116	0.08333333333333334
41	file:/Users/miriamthompson/Desktop/DH%20Project/Mallet/post_revolution/MBS5.txt	0.1962962962962963	0.06296296296296297	0.12962962962962962	0.2851851851851852	0.1074074074074074	0.21851851851851853
42	file:/Users/miriamthompson/Desktop/DH%20Project/Mallet/post_revolution/ESB3.txt	0.1277777777777778	0.02777777777777778	0.02777777777777778	0.49444444444444446	0.02777777777777778	0.29444444444444445
43	file:/Users/miriamthompson/Desktop/DH%20Project/Mallet/post_revolution/EHT71.txt	0.09863945578231292	0.13945578231292516	0.4659863945578231	0.05782312925170068	0.13945578231292516	0.09863945578231292
44	file:/Users/miriamthompson/Desktop/DH%20Project/Mallet/post_revolution/EHT65.txt	0.11240310077519379	0.06589147286821706	0.39147286821705424	0.06589147286821706	0.08914728682170543	0.2751937984496124
45	file:/Users/miriamthompson/Desktop/DH%20Project/Mallet/post_revolution/EHT59.txt	0.12681159420289853	0.06159420289855073	0.14855072463768115	0.06159420289855073	0.25724637681159424	0.34420289855072467
46	file:/Users/miriamthompson/Desktop/DH%20Project/Mallet/post_revolution/EHT58.txt	0.017361111111111112	0.03819444444444445	0.22569444444444445	0.03819444444444445	0.20486111111111113	0.4756944444444444
47	file:/Users/miriamthompson/Desktop/DH%20Project/Mallet/post_revolution/EHT64.txt	0.2234848484848485	0.10984848484848485	0.13257575757575757	0.10984848484848485	0.08712121212121213	0.33712121212121215
48	file:/Users/miriamthompson/Desktop/DH%20Project/Mallet/post_revolution/EHT70.txt	0.01893939393939394	0.10984848484848485	0.2234848484848485	0.01893939393939394	0.3143939393939394	0.3143939393939394
49	file:/Users/miriamthompson/Desktop/DH%20Project/Mallet/post_revolution/ESB2.txt	0.23737373737373738	0.08585858585858586	0.025252525252525252	0.23737373737373738	0.3888888888888889	0.025252525252525252
50	file:/Users/miriamthompson/Desktop/DH%20Project/Mallet/post_revolution/MBS4.txt	0.15986394557823128	0.20068027210884354	0.05782312925170068	0.30272108843537415	0.03741496598639456	0.2414965986394558
51	file:/Users/miriamthompson/Desktop/DH%20Project/Mallet/post_revolution/MVHD47.txt	0.5611111111111111	0.02777777777777778	0.1611111111111111	0.19444444444444445	0.02777777777777778	0.02777777777777778
52	file:/Users/miriamthompson/Desktop/DH%20Project/Mallet/post_revolution/MVHD53.txt	0.25877192982456143	0.048245614035087724	0.07456140350877194	0.36403508771929827	0.23245614035087722	0.02192982456140351
53	file:/Users/miriamthompson/Desktop/DH%20Project/Mallet/post_revolution/MVHD84.txt	0.2092198581560284	0.33687943262411346	0.060283687943262415	0.12411347517730496	0.2517730496453901	0.01773049645390071
54	file:/Users/miriamthompson/Desktop/DH%20Project/Mallet/post_revolution/MVHD90.txt	0.3531746031746032	0.21031746031746032	0.06746031746031747	0.28174603174603174	0.019841269841269844	0.06746031746031747
55	file:/Users/miriamthompson/Desktop/DH%20Project/Mallet/post_revolution/MVHD86.txt	0.2916666666666667	0.13257575757575757	0.2234848484848485	0.01893939393939394	0.1553030303030303	0.178030303030303
56	file:/Users/miriamthompson/Desktop/DH%20Project/Mallet/post_revolution/MVHD92.txt	0.1423611111111111	0.12152777777777778	0.3506944444444444	0.1840277777777778	0.1840277777777778	0.017361111111111112
57	file:/Users/miriamthompson/Desktop/DH%20Project/Mallet/post_revolution/MVHD79.txt	0.044715447154471545	0.31300813008130085	0.26422764227642276	0.16666666666666666	0.11788617886178861	0.0934959349593496
58	file:/Users/miriamthompson/Desktop/DH%20Project/Mallet/post_revolution/MVHD45.txt	0.4809523809523809	0.10952380952380952	0.05238095238095238	0.28095238095238095	0.02380952380952381	0.05238095238095238
59	file:/Users/miriamthompson/Desktop/DH%20Project/Mallet/post_revolution/MVHD51.txt	0.17982456140350878	0.02192982456140351	0.07456140350877194	0.36403508771929827	0.10087719298245615	0.25877192982456143
60	file:/Users/miriamthompson/Desktop/DH%20Project/Mallet/post_revolution/EHT66.txt	0.23412698412698413	0.1865079365079365	0.25793650793650796	0.043650793650793655	0.1626984126984127	0.11507936507936507
61	file:/Users/miriamthompson/Desktop/DH%20Project/Mallet/post_revolution/EHT72.txt	0.07986111111111112	0.03819444444444445	0.4756944444444444	0.017361111111111112	0.10069444444444443	0.2881944444444445
62	file:/Users/miriamthompson/Desktop/DH%20Project/Mallet/post_revolution/EHT73.txt	0.06439393939393939	0.08712121212121213	0.4053030303030303	0.01893939393939394	0.268939393939394	0.1553030303030303
63	file:/Users/miriamthompson/Desktop/DH%20Project/Mallet/post_revolution/EHT67.txt	0.01773049645390071	0.31560283687943264	0.2517730496453901	0.01773049645390071	0.060283687943262415	0.33687943262411346
64	file:/Users/miriamthompson/Desktop/DH%20Project/Mallet/post_revolution/ESB1.txt	0.17676767676767677	0.025252525252525252	0.05555555555555556	0.2676767676767677	0.2676767676767677	0.20707070707070707
65	file:/Users/miriamthompson/Desktop/DH%20Project/Mallet/post_revolution/MVHD50.txt	0.30341880341880345	0.07264957264957266	0.047008547008547015	0.3547008547008547	0.20085470085470084	0.021367521367521368
66	file:/Users/miriamthompson/Desktop/DH%20Project/Mallet/post_revolution/MVHD44.txt	0.5310077519379844	0.04263565891472869	0.22868217054263568	0.11240310077519379	0.01937984496124031	0.06589147286821706
67	file:/Users/miriamthompson/Desktop/DH%20Project/Mallet/post_revolution/MVHD78.txt	0.1715686274509804	0.024509803921568627	0.28921568627450983	0.4068627450980392	0.08333333333333334	0.024509803921568627
68	file:/Users/miriamthompson/Desktop/DH%20Project/Mallet/post_revolution/MVHD93.txt	0.10648148148148148	0.30092592592592593	0.10648148148148148	0.3287037037037037	0.02314814814814815	0.13425925925925924
69	file:/Users/miriamthompson/Desktop/DH%20Project/Mallet/post_revolution/MVHD87.txt	0.11904761904761904	0.30272108843537415	0.13945578231292516	0.18027210884353742	0.18027210884353742	0.0782312925170068
70	file:/Users/miriamthompson/Desktop/DH%20Project/Mallet/post_revolution/ESB15.txt	0.15185185185185185	0.39629629629629626	0.01851851851851852	0.1074074074074074	0.17407407407407408	0.15185185185185185
71	file:/Users/miriamthompson/Desktop/DH%20Project/Mallet/post_revolution/ESB29.txt	0.07657657657657659	0.022522522522522525	0.10360360360360361	0.42792792792792794	0.07657657657657659	0.2927927927927928
72	file:/Users/miriamthompson/Desktop/DH%20Project/Mallet/post_revolution/HRG2.txt	0.11217948717948717	0.13141025641025642	0.28525641025641024	0.18910256410256412	0.13141025641025642	0.15064102564102563
73	file:/Users/miriamthompson/Desktop/DH%20Project/Mallet/post_revolution/MVHD23.txt	0.23412698412698413	0.23412698412698413	0.28174603174603174	0.1388888888888889	0.09126984126984128	0.019841269841269844
74	file:/Users/miriamthompson/Desktop/DH%20Project/Mallet/post_revolution/MVHD37.txt	0.15891472868217055	0.06589147286821706	0.43798449612403095	0.06589147286821706	0.25193798449612403	0.01937984496124031
75	file:/Users/miriamthompson/Desktop/DH%20Project/Mallet/post_revolution/EHT28.txt	0.03985507246376812	0.38768115942028986	0.12681159420289853	0.018115942028985508	0.03985507246376812	0.38768115942028986
76	file:/Users/miriamthompson/Desktop/DH%20Project/Mallet/post_revolution/EHT14.txt	0.2851851851851852	0.06296296296296297	0.040740740740740744	0.35185185185185186	0.21851851851851853	0.040740740740740744
77	file:/Users/miriamthompson/Desktop/DH%20Project/Mallet/post_revolution/MVHD111.txt	0.29583333333333334	0.24583333333333335	0.09583333333333334	0.19583333333333333	0.12083333333333332	0.04583333333333334
78	file:/Users/miriamthompson/Desktop/DH%20Project/Mallet/post_revolution/MVHD105.txt	0.09444444444444446	0.1611111111111111	0.22777777777777777	0.3611111111111111	0.1277777777777778	0.02777777777777778
79	file:/Users/miriamthompson/Desktop/DH%20Project/Mallet/post_revolution/MVHD104.txt	0.2355072463768116	0.213768115942029	0.27898550724637683	0.213768115942029	0.03985507246376812	0.018115942028985508
80	file:/Users/miriamthompson/Desktop/DH%20Project/Mallet/post_revolution/MVHD110.txt	0.21031746031746032	0.1626984126984127	0.1388888888888889	0.09126984126984128	0.1865079365079365	0.21031746031746032
81	file:/Users/miriamthompson/Desktop/DH%20Project/Mallet/post_revolution/EHT15.txt	0.20068027210884354	0.2619047619047619	0.30272108843537415	0.017006802721088437	0.09863945578231292	0.11904761904761904
82	file:/Users/miriamthompson/Desktop/DH%20Project/Mallet/post_revolution/EHT29.txt	0.09119496855345911	0.14779874213836477	0.110062893081761	0.015723270440251572	0.034591194968553465	0.60062893081761
83	file:/Users/miriamthompson/Desktop/DH%20Project/Mallet/post_revolution/MVHD36.txt	0.26422764227642276	0.26422764227642276	0.06910569105691057	0.19105691056910568	0.14227642276422764	0.06910569105691057
84	file:/Users/miriamthompson/Desktop/DH%20Project/Mallet/post_revolution/MVHD22.txt	0.05238095238095238	0.4809523809523809	0.2238095238095238	0.08095238095238096	0.13809523809523808	0.02380952380952381
85	file:/Users/miriamthompson/Desktop/DH%20Project/Mallet/post_revolution/HRG3.txt	0.03985507246376812	0.2355072463768116	0.17028985507246377	0.10507246376811594	0.17028985507246377	0.27898550724637683
86	file:/Users/miriamthompson/Desktop/DH%20Project/Mallet/post_revolution/ESB28.txt	0.06296296296296297	0.06296296296296297	0.040740740740740744	0.17407407407407408	0.24074074074074076	0.4185185185185185
87	file:/Users/miriamthompson/Desktop/DH%20Project/Mallet/post_revolution/ESB14.txt	0.173202614379085	0.11437908496732026	0.016339869281045753	0.173202614379085	0.19281045751633988	0.3300653594771242
88	file:/Users/miriamthompson/Desktop/DH%20Project/Mallet/post_revolution/ESB16.txt	0.24583333333333335	0.19583333333333333	0.04583333333333334	0.19583333333333333	0.09583333333333334	0.22083333333333335
89	file:/Users/miriamthompson/Desktop/DH%20Project/Mallet/post_revolution/HRG1.txt	0.11240310077519379	0.04263565891472869	0.3449612403100775	0.08914728682170543	0.1821705426356589	0.22868217054263568
90	file:/Users/miriamthompson/Desktop/DH%20Project/Mallet/post_revolution/MVHD34.txt	0.01893939393939394	0.38257575757575757	0.10984848484848485	0.178030303030303	0.1553030303030303	0.1553030303030303
91	file:/Users/miriamthompson/Desktop/DH%20Project/Mallet/post_revolution/MVHD20.txt	0.17676767676767677	0.025252525252525252	0.05555555555555556	0.47979797979797983	0.17676767676767677	0.08585858585858586
92	file:/Users/miriamthompson/Desktop/DH%20Project/Mallet/post_revolution/EHT17.txt	0.0696969696969697	0.30606060606060603	0.1606060606060606	0.015151515151515152	0.30606060606060603	0.14242424242424243
93	file:/Users/miriamthompson/Desktop/DH%20Project/Mallet/post_revolution/MVHD106.txt	0.297979797979798	0.14646464646464646	0.2676767676767677	0.05555555555555556	0.17676767676767677	0.05555555555555556
94	file:/Users/miriamthompson/Desktop/DH%20Project/Mallet/post_revolution/MVHD112.txt	0.3738738738738739	0.10360360360360361	0.13063063063063063	0.23873873873873874	0.13063063063063063	0.022522522522522525
95	file:/Users/miriamthompson/Desktop/DH%20Project/Mallet/post_revolution/MVHD113.txt	0.10507246376811594	0.27898550724637683	0.17028985507246377	0.2355072463768116	0.06159420289855073	0.14855072463768115
96	file:/Users/miriamthompson/Desktop/DH%20Project/Mallet/post_revolution/MVHD107.txt	0.14957264957264957	0.45726495726495725	0.14957264957264957	0.07264957264957266	0.09829059829059829	0.07264957264957266
97	file:/Users/miriamthompson/Desktop/DH%20Project/Mallet/post_revolution/EHT16.txt	0.11217948717948717	0.3814102564102564	0.016025641025641028	0.13141025641025642	0.2467948717948718	0.11217948717948717
98	file:/Users/miriamthompson/Desktop/DH%20Project/Mallet/post_revolution/MVHD21.txt	0.31140350877192985	0.07456140350877194	0.12719298245614033	0.31140350877192985	0.10087719298245615	0.07456140350877194
99	file:/Users/miriamthompson/Desktop/DH%20Project/Mallet/post_revolution/MVHD35.txt	0.25724637681159424	0.34420289855072467	0.03985507246376812	0.10507246376811594	0.17028985507246377	0.08333333333333334
100	file:/Users/miriamthompson/Desktop/DH%20Project/Mallet/post_revolution/ESB17.txt	0.02032520325203252	0.06910569105691057	0.11788617886178861	0.6788617886178862	0.044715447154471545	0.06910569105691057
101	file:/Users/miriamthompson/Desktop/DH%20Project/Mallet/post_revolution/ESB13.txt	0.15765765765765766	0.07657657657657659	0.10360360360360361	0.21171171171171171	0.022522522522522525	0.42792792792792794
102	file:/Users/miriamthompson/Desktop/DH%20Project/Mallet/post_revolution/HRG4.txt	0.14242424242424243	0.05151515151515152	0.14242424242424243	0.3606060606060606	0.14242424242424243	0.1606060606060606
103	file:/Users/miriamthompson/Desktop/DH%20Project/Mallet/post_revolution/MVHD19.txt	0.44298245614035087	0.10087719298245615	0.23245614035087722	0.10087719298245615	0.07456140350877194	0.048245614035087724
104	file:/Users/miriamthompson/Desktop/DH%20Project/Mallet/post_revolution/MVHD31.txt	0.05092592592592593	0.13425925925925924	0.10648148148148148	0.5231481481481481	0.02314814814814815	0.16203703703703703
105	file:/Users/miriamthompson/Desktop/DH%20Project/Mallet/post_revolution/MVHD25.txt	0.13425925925925924	0.3287037037037037	0.27314814814814814	0.10648148148148148	0.0787037037037037	0.0787037037037037
106	file:/Users/miriamthompson/Desktop/DH%20Project/Mallet/post_revolution/MVHD9.txt	0.3055555555555556	0.11507936507936507	0.09126984126984128	0.40079365079365076	0.019841269841269844	0.06746031746031747
107	file:/Users/miriamthompson/Desktop/DH%20Project/Mallet/post_revolution/EHT12.txt	0.1289308176100629	0.3553459119496855	0.07232704402515723	0.015723270440251572	0.20440251572327045	0.22327044025157233
108	file:/Users/miriamthompson/Desktop/DH%20Project/Mallet/post_revolution/MVHD103.txt	0.12719298245614033	0.25877192982456143	0.2850877192982456	0.23245614035087722	0.048245614035087724	0.048245614035087724
109	file:/Users/miriamthompson/Desktop/DH%20Project/Mallet/post_revolution/MVHD117.txt	0.05238095238095238	0.16666666666666666	0.3380952380952381	0.2238095238095238	0.13809523809523808	0.08095238095238096
110	file:/Users/miriamthompson/Desktop/DH%20Project/Mallet/post_revolution/MVHD116.txt	0.28095238095238095	0.19523809523809524	0.05238095238095238	0.28095238095238095	0.16666666666666666	0.02380952380952381
111	file:/Users/miriamthompson/Desktop/DH%20Project/Mallet/post_revolution/MVHD102.txt	0.04583333333333334	0.37083333333333335	0.29583333333333334	0.07083333333333333	0.19583333333333333	0.020833333333333336
112	file:/Users/miriamthompson/Desktop/DH%20Project/Mallet/post_revolution/EHT13.txt	0.04263565891472869	0.2054263565891473	0.2054263565891473	0.1821705426356589	0.1821705426356589	0.1821705426356589
113	file:/Users/miriamthompson/Desktop/DH%20Project/Mallet/post_revolution/MVHD8.txt	0.06746031746031747	0.019841269841269844	0.019841269841269844	0.8293650793650794	0.043650793650793655	0.019841269841269844
114	file:/Users/miriamthompson/Desktop/DH%20Project/Mallet/post_revolution/MVHD24.txt	0.32962962962962966	0.15185185185185185	0.1962962962962963	0.08518518518518518	0.12962962962962962	0.1074074074074074
115	file:/Users/miriamthompson/Desktop/DH%20Project/Mallet/post_revolution/MVHD30.txt	0.33712121212121215	0.13257575757575757	0.08712121212121213	0.178030303030303	0.20075757575757577	0.06439393939393939
116	file:/Users/miriamthompson/Desktop/DH%20Project/Mallet/post_revolution/MVHD18.txt	0.17676767676767677	0.05555555555555556	0.11616161616161616	0.23737373737373738	0.3585858585858586	0.05555555555555556
117	file:/Users/miriamthompson/Desktop/DH%20Project/Mallet/post_revolution/ESB12.txt	0.3231292517006803	0.09863945578231292	0.03741496598639456	0.28231292517006806	0.15986394557823128	0.09863945578231292
118	file:/Users/miriamthompson/Desktop/DH%20Project/Mallet/post_revolution/ESB38.txt	0.04263565891472869	0.01937984496124031	0.06589147286821706	0.5310077519379844	0.2751937984496124	0.06589147286821706
119	file:/Users/miriamthompson/Desktop/DH%20Project/Mallet/post_revolution/ESB10.txt	0.07657657657657659	0.15765765765765766	0.022522522522522525	0.4009009009009009	0.07657657657657659	0.26576576576576577
120	file:/Users/miriamthompson/Desktop/DH%20Project/Mallet/post_revolution/MVHD26.txt	0.1752136752136752	0.405982905982906	0.047008547008547015	0.22649572649572652	0.12393162393162392	0.021367521367521368
121	file:/Users/miriamthompson/Desktop/DH%20Project/Mallet/post_revolution/MVHD32.txt	0.16666666666666666	0.01773049645390071	0.060283687943262415	0.6560283687943262	0.01773049645390071	0.08156028368794327
122	file:/Users/miriamthompson/Desktop/DH%20Project/Mallet/post_revolution/EHT11.txt	0.09119496855345911	0.14779874213836477	0.05345911949685535	0.2610062893081761	0.29874213836477986	0.14779874213836477
123	file:/Users/miriamthompson/Desktop/DH%20Project/Mallet/post_revolution/EHT39.txt	0.08712121212121213	0.1553030303030303	0.428030303030303	0.04166666666666667	0.06439393939393939	0.2234848484848485
124	file:/Users/miriamthompson/Desktop/DH%20Project/Mallet/post_revolution/MVHD114.txt	0.2092198581560284	0.18794326241134754	0.060283687943262415	0.1453900709219858	0.31560283687943264	0.08156028368794327
125	file:/Users/miriamthompson/Desktop/DH%20Project/Mallet/post_revolution/MVHD100.txt	0.08914728682170543	0.32170542635658916	0.22868217054263568	0.25193798449612403	0.01937984496124031	0.08914728682170543
126	file:/Users/miriamthompson/Desktop/DH%20Project/Mallet/post_revolution/MVHD101.txt	0.1388888888888889	0.32936507936507936	0.09126984126984128	0.3531746031746032	0.06746031746031747	0.019841269841269844
127	file:/Users/miriamthompson/Desktop/DH%20Project/Mallet/post_revolution/MVHD115.txt	0.10119047619047619	0.27976190476190477	0.3511904761904762	0.06547619047619048	0.17261904761904762	0.029761904761904764
128	file:/Users/miriamthompson/Desktop/DH%20Project/Mallet/post_revolution/EHT38.txt	0.13565891472868216	0.11240310077519379	0.04263565891472869	0.01937984496124031	0.2751937984496124	0.4147286821705426
129	file:/Users/miriamthompson/Desktop/DH%20Project/Mallet/post_revolution/EHT10.txt	0.2006172839506173	0.14506172839506173	0.08950617283950617	0.27469135802469136	0.2006172839506173	0.08950617283950617
130	file:/Users/miriamthompson/Desktop/DH%20Project/Mallet/post_revolution/MVHD33.txt	0.20075757575757577	0.178030303030303	0.13257575757575757	0.3143939393939394	0.08712121212121213	0.08712121212121213
131	file:/Users/miriamthompson/Desktop/DH%20Project/Mallet/post_revolution/MVHD27.txt	0.1962962962962963	0.17407407407407408	0.08518518518518518	0.26296296296296295	0.01851851851851852	0.26296296296296295
132	file:/Users/miriamthompson/Desktop/DH%20Project/Mallet/post_revolution/ESB11.txt	0.10606060606060605	0.1787878787878788	0.1606060606060606	0.23333333333333334	0.12424242424242424	0.196969696969697
133	file:/Users/miriamthompson/Desktop/DH%20Project/Mallet/post_revolution/ESB39.txt	0.2777777777777778	0.021367521367521368	0.021367521367521368	0.48290598290598286	0.047008547008547015	0.14957264957264957
134	file:/Users/miriamthompson/Desktop/DH%20Project/Mallet/post_revolution/ESB20.txt	0.04166666666666667	0.01893939393939394	0.06439393939393939	0.24621212121212122	0.3143939393939394	0.3143939393939394
135	file:/Users/miriamthompson/Desktop/DH%20Project/Mallet/post_revolution/ESB34.txt	0.0154320987654321	0.08950617283950617	0.0154320987654321	0.2006172839506173	0.5339506172839505	0.14506172839506173
136	file:/Users/miriamthompson/Desktop/DH%20Project/Mallet/post_revolution/MVHD16.txt	0.3547008547008547	0.2777777777777778	0.047008547008547015	0.1752136752136752	0.047008547008547015	0.09829059829059829
137	file:/Users/miriamthompson/Desktop/DH%20Project/Mallet/post_revolution/MVHD6.txt	0.48373983739837395	0.11788617886178861	0.11788617886178861	0.06910569105691057	0.11788617886178861	0.0934959349593496
138	file:/Users/miriamthompson/Desktop/DH%20Project/Mallet/post_revolution/EHT21.txt	0.14855072463768115	0.12681159420289853	0.43115942028985504	0.03985507246376812	0.10507246376811594	0.14855072463768115
139	file:/Users/miriamthompson/Desktop/DH%20Project/Mallet/post_revolution/EHT35.txt	0.04166666666666667	0.06439393939393939	0.13257575757575757	0.08712121212121213	0.35984848484848486	0.3143939393939394
140	file:/Users/miriamthompson/Desktop/DH%20Project/Mallet/post_revolution/MVHD118.txt	0.15765765765765766	0.04954954954954956	0.3738738738738739	0.15765765765765766	0.23873873873873874	0.022522522522522525
141	file:/Users/miriamthompson/Desktop/DH%20Project/Mallet/post_revolution/MVHD119.txt	0.047008547008547015	0.25213675213675213	0.3803418803418804	0.14957264957264957	0.12393162393162392	0.047008547008547015
142	file:/Users/miriamthompson/Desktop/DH%20Project/Mallet/post_revolution/EHT34.txt	0.17407407407407408	0.040740740740740744	0.24074074074074076	0.08518518518518518	0.1074074074074074	0.35185185185185186
143	file:/Users/miriamthompson/Desktop/DH%20Project/Mallet/post_revolution/EHT20.txt	0.2054263565891473	0.11240310077519379	0.06589147286821706	0.39147286821705424	0.08914728682170543	0.13565891472868216
144	file:/Users/miriamthompson/Desktop/DH%20Project/Mallet/post_revolution/MVHD7.txt	0.09126984126984128	0.019841269841269844	0.019841269841269844	0.8055555555555556	0.043650793650793655	0.019841269841269844
145	file:/Users/miriamthompson/Desktop/DH%20Project/Mallet/post_revolution/MVHD17.txt	0.09583333333333334	0.39583333333333337	0.29583333333333334	0.07083333333333333	0.12083333333333332	0.020833333333333336
146	file:/Users/miriamthompson/Desktop/DH%20Project/Mallet/post_revolution/ESB35.txt	0.24074074074074076	0.01851851851851852	0.12962962962962962	0.26296296296296295	0.32962962962962966	0.01851851851851852
147	file:/Users/miriamthompson/Desktop/DH%20Project/Mallet/post_revolution/ESB21.txt	0.06589147286821706	0.06589147286821706	0.06589147286821706	0.4844961240310077	0.25193798449612403	0.06589147286821706
148	file:/Users/miriamthompson/Desktop/DH%20Project/Mallet/post_revolution/ESB37.txt	0.02380952380952381	0.02380952380952381	0.13809523809523808	0.16666666666666666	0.5952380952380952	0.05238095238095238
149	file:/Users/miriamthompson/Desktop/DH%20Project/Mallet/post_revolution/ESB23.txt	0.12083333333333332	0.04583333333333334	0.020833333333333336	0.12083333333333332	0.4958333333333333	0.19583333333333333
150	file:/Users/miriamthompson/Desktop/DH%20Project/Mallet/post_revolution/MVHD15.txt	0.06159420289855073	0.018115942028985508	0.322463768115942	0.45289855072463764	0.03985507246376812	0.10507246376811594
151	file:/Users/miriamthompson/Desktop/DH%20Project/Mallet/post_revolution/MVHD29.txt	0.21851851851851853	0.21851851851851853	0.17407407407407408	0.2851851851851852	0.01851851851851852	0.08518518518518518
152	file:/Users/miriamthompson/Desktop/DH%20Project/Mallet/post_revolution/MVHD5.txt	0.18468468468468469	0.022522522522522525	0.13063063063063063	0.15765765765765766	0.42792792792792794	0.07657657657657659
153	file:/Users/miriamthompson/Desktop/DH%20Project/Mallet/post_revolution/EHT36.txt	0.10069444444444443	0.3506944444444444	0.1423611111111111	0.22569444444444445	0.05902777777777778	0.12152777777777778
154	file:/Users/miriamthompson/Desktop/DH%20Project/Mallet/post_revolution/EHT22.txt	0.05151515151515152	0.08787878787878788	0.3242424242424242	0.3242424242424242	0.196969696969697	0.015151515151515152
155	file:/Users/miriamthompson/Desktop/DH%20Project/Mallet/post_revolution/EHT23.txt	0.09863945578231292	0.4047619047619047	0.3843537414965986	0.03741496598639456	0.05782312925170068	0.017006802721088437
156	file:/Users/miriamthompson/Desktop/DH%20Project/Mallet/post_revolution/EHT37.txt	0.03819444444444445	0.3298611111111111	0.2673611111111111	0.017361111111111112	0.12152777777777778	0.22569444444444445
157	file:/Users/miriamthompson/Desktop/DH%20Project/Mallet/post_revolution/MVHD4.txt	0.20085470085470084	0.14957264957264957	0.32905982905982906	0.12393162393162392	0.14957264957264957	0.047008547008547015
158	file:/Users/miriamthompson/Desktop/DH%20Project/Mallet/post_revolution/MVHD28.txt	0.23873873873873874	0.04954954954954956	0.07657657657657659	0.536036036036036	0.07657657657657659	0.022522522522522525
159	file:/Users/miriamthompson/Desktop/DH%20Project/Mallet/post_revolution/MVHD14.txt	0.09294871794871794	0.16987179487179488	0.266025641025641	0.07371794871794872	0.20833333333333334	0.18910256410256412
160	file:/Users/miriamthompson/Desktop/DH%20Project/Mallet/post_revolution/ESB22.txt	0.08333333333333334	0.12681159420289853	0.27898550724637683	0.08333333333333334	0.17028985507246377	0.25724637681159424
161	file:/Users/miriamthompson/Desktop/DH%20Project/Mallet/post_revolution/ESB36.txt	0.06296296296296297	0.08518518518518518	0.06296296296296297	0.1962962962962963	0.4407407407407407	0.15185185185185185
162	file:/Users/miriamthompson/Desktop/DH%20Project/Mallet/post_revolution/ESB32.txt	0.19523809523809524	0.05238095238095238	0.02380952380952381	0.3380952380952381	0.13809523809523808	0.2523809523809524
163	file:/Users/miriamthompson/Desktop/DH%20Project/Mallet/post_revolution/ESB26.txt	0.02032520325203252	0.16666666666666666	0.26422764227642276	0.06910569105691057	0.06910569105691057	0.41056910569105687
164	file:/Users/miriamthompson/Desktop/DH%20Project/Mallet/post_revolution/MVHD38.txt	0.18910256410256412	0.2467948717948718	0.09294871794871794	0.20833333333333334	0.2275641025641026	0.035256410256410256
165	file:/Users/miriamthompson/Desktop/DH%20Project/Mallet/post_revolution/MVHD10.txt	0.12393162393162392	0.07264957264957266	0.1752136752136752	0.5085470085470085	0.09829059829059829	0.021367521367521368
166	file:/Users/miriamthompson/Desktop/DH%20Project/Mallet/post_revolution/EHT33.txt	0.08518518518518518	0.35185185185185186	0.15185185185185185	0.01851851851851852	0.17407407407407408	0.21851851851851853
167	file:/Users/miriamthompson/Desktop/DH%20Project/Mallet/post_revolution/EHT27.txt	0.15064102564102563	0.13141025641025642	0.05448717948717949	0.13141025641025642	0.16987179487179488	0.36217948717948717
168	file:/Users/miriamthompson/Desktop/DH%20Project/Mallet/post_revolution/EHT26.txt	0.11240310077519379	0.32170542635658916	0.06589147286821706	0.01937984496124031	0.2054263565891473	0.2751937984496124
169	file:/Users/miriamthompson/Desktop/DH%20Project/Mallet/post_revolution/EHT32.txt	0.2234848484848485	0.2234848484848485	0.13257575757575757	0.01893939393939394	0.04166666666666667	0.35984848484848486
170	file:/Users/miriamthompson/Desktop/DH%20Project/Mallet/post_revolution/MVHD1.txt	0.3531746031746032	0.11507936507936507	0.28174603174603174	0.1388888888888889	0.019841269841269844	0.09126984126984128
171	file:/Users/miriamthompson/Desktop/DH%20Project/Mallet/post_revolution/MVHD11.txt	0.1611111111111111	0.02777777777777778	0.1611111111111111	0.49444444444444446	0.02777777777777778	0.1277777777777778
172	file:/Users/miriamthompson/Desktop/DH%20Project/Mallet/post_revolution/MVHD39.txt	0.25724637681159424	0.34420289855072467	0.018115942028985508	0.08333333333333334	0.06159420289855073	0.2355072463768116
173	file:/Users/miriamthompson/Desktop/DH%20Project/Mallet/post_revolution/ESB27.txt	0.061111111111111116	0.061111111111111116	0.061111111111111116	0.2611111111111111	0.02777777777777778	0.5277777777777778
174	file:/Users/miriamthompson/Desktop/DH%20Project/Mallet/post_revolution/ESB33.txt	0.2886178861788618	0.06910569105691057	0.044715447154471545	0.06910569105691057	0.33739837398373984	0.19105691056910568
175	file:/Users/miriamthompson/Desktop/DH%20Project/Mallet/post_revolution/ESB19.txt	0.16358024691358025	0.07098765432098765	0.0154320987654321	0.14506172839506173	0.25617283950617287	0.3487654320987654
176	file:/Users/miriamthompson/Desktop/DH%20Project/Mallet/post_revolution/ESB25.txt	0.13398692810457516	0.23202614379084968	0.016339869281045753	0.05555555555555556	0.09477124183006536	0.46732026143790845
177	file:/Users/miriamthompson/Desktop/DH%20Project/Mallet/post_revolution/ESB31.txt	0.19583333333333333	0.020833333333333336	0.12083333333333332	0.09583333333333334	0.39583333333333337	0.17083333333333334
178	file:/Users/miriamthompson/Desktop/DH%20Project/Mallet/post_revolution/MVHD13.txt	0.2054263565891473	0.06589147286821706	0.2054263565891473	0.32170542635658916	0.13565891472868216	0.06589147286821706
179	file:/Users/miriamthompson/Desktop/DH%20Project/Mallet/post_revolution/MVHD3.txt	0.3888888888888889	0.025252525252525252	0.17676767676767677	0.14646464646464646	0.17676767676767677	0.08585858585858586
180	file:/Users/miriamthompson/Desktop/DH%20Project/Mallet/post_revolution/EHT24.txt	0.1865079365079365	0.4246031746031746	0.23412698412698413	0.09126984126984128	0.019841269841269844	0.043650793650793655
181	file:/Users/miriamthompson/Desktop/DH%20Project/Mallet/post_revolution/EHT30.txt	0.05666666666666667	0.2366666666666667	0.016666666666666666	0.016666666666666666	0.25666666666666665	0.41666666666666663
182	file:/Users/miriamthompson/Desktop/DH%20Project/Mallet/post_revolution/EHT18.txt	0.03900709219858156	0.2730496453900709	0.2730496453900709	0.10283687943262411	0.2517730496453901	0.060283687943262415
183	file:/Users/miriamthompson/Desktop/DH%20Project/Mallet/post_revolution/MVHD121.txt	0.11979166666666667	0.08854166666666667	0.026041666666666668	0.4635416666666667	0.2760416666666667	0.026041666666666668
184	file:/Users/miriamthompson/Desktop/DH%20Project/Mallet/post_revolution/MVHD109.txt	0.19444444444444445	0.3611111111111111	0.19444444444444445	0.09444444444444446	0.09444444444444446	0.061111111111111116
185	file:/Users/miriamthompson/Desktop/DH%20Project/Mallet/post_revolution/MVHD108.txt	0.25793650793650796	0.4246031746031746	0.019841269841269844	0.1388888888888889	0.1388888888888889	0.019841269841269844
186	file:/Users/miriamthompson/Desktop/DH%20Project/Mallet/post_revolution/MVHD120.txt	0.021367521367521368	0.1752136752136752	0.07264957264957266	0.20085470085470084	0.5085470085470085	0.021367521367521368
187	file:/Users/miriamthompson/Desktop/DH%20Project/Mallet/post_revolution/EHT19.txt	0.1606060606060606	0.2878787878787879	0.08787878787878788	0.10606060606060605	0.2515151515151515	0.10606060606060605
188	file:/Users/miriamthompson/Desktop/DH%20Project/Mallet/post_revolution/EHT31.txt	0.2414965986394558	0.13945578231292516	0.0782312925170068	0.03741496598639456	0.20068027210884354	0.30272108843537415
189	file:/Users/miriamthompson/Desktop/DH%20Project/Mallet/post_revolution/EHT25.txt	0.21031746031746032	0.11507936507936507	0.3055555555555556	0.23412698412698413	0.06746031746031747	0.06746031746031747
190	file:/Users/miriamthompson/Desktop/DH%20Project/Mallet/post_revolution/MVHD2.txt	0.22649572649572652	0.021367521367521368	0.22649572649572652	0.25213675213675213	0.047008547008547015	0.22649572649572652
191	file:/Users/miriamthompson/Desktop/DH%20Project/Mallet/post_revolution/MVHD12.txt	0.20614035087719298	0.07456140350877194	0.07456140350877194	0.46929824561403505	0.12719298245614033	0.048245614035087724
192	file:/Users/miriamthompson/Desktop/DH%20Project/Mallet/post_revolution/ESB30.txt	0.10952380952380952	0.02380952380952381	0.08095238095238096	0.3380952380952381	0.08095238095238096	0.3666666666666667
193	file:/Users/miriamthompson/Desktop/DH%20Project/Mallet/post_revolution/ESB24.txt	0.03333333333333333	0.10606060606060605	0.05151515151515152	0.0696969696969697	0.05151515151515152	0.6878787878787879
194	file:/Users/miriamthompson/Desktop/DH%20Project/Mallet/post_revolution/ESB18.txt	0.020833333333333336	0.09583333333333334	0.19583333333333333	0.24583333333333335	0.14583333333333331	0.29583333333333334
