0	file:/Users/miriamthompson/Desktop/DH%20Project/Mallet/post_revolution/MVHD83.txt	0.08585858585858586	0.14646464646464646	0.025252525252525252	0.08585858585858586	0.08585858585858586	0.5707070707070707
1	file:/Users/miriamthompson/Desktop/DH%20Project/Mallet/post_revolution/MVHD97.txt	0.11274509803921569	0.14215686274509803	0.05392156862745098	0.08333333333333334	0.49509803921568624	0.11274509803921569
2	file:/Users/miriamthompson/Desktop/DH%20Project/Mallet/post_revolution/MVHD40.txt	0.07666666666666667	0.09666666666666666	0.07666666666666667	0.37666666666666665	0.17666666666666667	0.19666666666666668
3	file:/Users/miriamthompson/Desktop/DH%20Project/Mallet/post_revolution/MVHD54.txt	0.428030303030303	0.01893939393939394	0.24621212121212122	0.10984848484848485	0.1553030303030303	0.04166666666666667
4	file:/Users/miriamthompson/Desktop/DH%20Project/Mallet/post_revolution/MVHD68.txt	0.3952380952380953	0.08095238095238096	0.05238095238095238	0.08095238095238096	0.02380952380952381	0.3666666666666667
5	file:/Users/miriamthompson/Desktop/DH%20Project/Mallet/post_revolution/MBS3.txt	0.0638888888888889	0.08055555555555555	0.5805555555555556	0.030555555555555558	0.0638888888888889	0.18055555555555555
6	file:/Users/miriamthompson/Desktop/DH%20Project/Mallet/post_revolution/EHT8.txt	0.021367521367521368	0.047008547008547015	0.12393162393162392	0.20085470085470084	0.14957264957264957	0.45726495726495725
7	file:/Users/miriamthompson/Desktop/DH%20Project/Mallet/post_revolution/ESB5.txt	0.16666666666666666	0.02380952380952381	0.16666666666666666	0.30952380952380953	0.08095238095238096	0.2523809523809524
8	file:/Users/miriamthompson/Desktop/DH%20Project/Mallet/post_revolution/EHT63.txt	0.25163398692810457	0.36928104575163395	0.13398692810457516	0.03594771241830066	0.13398692810457516	0.07516339869281045
9	file:/Users/miriamthompson/Desktop/DH%20Project/Mallet/post_revolution/EHT77.txt	0.15185185185185185	0.37407407407407406	0.17407407407407408	0.06296296296296297	0.15185185185185185	0.08518518518518518
10	file:/Users/miriamthompson/Desktop/DH%20Project/Mallet/post_revolution/EHT76.txt	0.1388888888888889	0.11507936507936507	0.23412698412698413	0.06746031746031747	0.3055555555555556	0.1388888888888889
11	file:/Users/miriamthompson/Desktop/DH%20Project/Mallet/post_revolution/EHT62.txt	0.016666666666666666	0.6766666666666667	0.19666666666666668	0.03666666666666667	0.05666666666666667	0.016666666666666666
12	file:/Users/miriamthompson/Desktop/DH%20Project/Mallet/post_revolution/ESB4.txt	0.37356321839080464	0.028735632183908046	0.09770114942528736	0.2011494252873563	0.27011494252873564	0.028735632183908046
13	file:/Users/miriamthompson/Desktop/DH%20Project/Mallet/post_revolution/EHT9.txt	0.08518518518518518	0.01851851851851852	0.01851851851851852	0.17407407407407408	0.48518518518518516	0.21851851851851853
14	file:/Users/miriamthompson/Desktop/DH%20Project/Mallet/post_revolution/MBS2.txt	0.173202614379085	0.05555555555555556	0.11437908496732026	0.19281045751633988	0.13398692810457516	0.3300653594771242
15	file:/Users/miriamthompson/Desktop/DH%20Project/Mallet/post_revolution/MVHD69.txt	0.24074074074074076	0.1074074074074074	0.08518518518518518	0.3074074074074074	0.08518518518518518	0.17407407407407408
16	file:/Users/miriamthompson/Desktop/DH%20Project/Mallet/post_revolution/MVHD55.txt	0.3581560283687943	0.060283687943262415	0.10283687943262411	0.18794326241134754	0.1453900709219858	0.1453900709219858
17	file:/Users/miriamthompson/Desktop/DH%20Project/Mallet/post_revolution/MVHD41.txt	0.27083333333333337	0.14583333333333331	0.12083333333333332	0.04583333333333334	0.3458333333333333	0.07083333333333333
18	file:/Users/miriamthompson/Desktop/DH%20Project/Mallet/post_revolution/MVHD96.txt	0.08585858585858586	0.11616161616161616	0.23737373737373738	0.20707070707070707	0.025252525252525252	0.3282828282828283
19	file:/Users/miriamthompson/Desktop/DH%20Project/Mallet/post_revolution/MVHD82.txt	0.10648148148148148	0.3287037037037037	0.05092592592592593	0.16203703703703703	0.16203703703703703	0.1898148148148148
20	file:/Users/miriamthompson/Desktop/DH%20Project/Mallet/post_revolution/MVHD94.txt	0.2777777777777778	0.021367521367521368	0.021367521367521368	0.3547008547008547	0.20085470085470084	0.12393162393162392
21	file:/Users/miriamthompson/Desktop/DH%20Project/Mallet/post_revolution/MVHD80.txt	0.09829059829059829	0.07264957264957266	0.14957264957264957	0.1752136752136752	0.1752136752136752	0.32905982905982906
22	file:/Users/miriamthompson/Desktop/DH%20Project/Mallet/post_revolution/MVHD57.txt	0.23245614035087722	0.048245614035087724	0.12719298245614033	0.12719298245614033	0.25877192982456143	0.20614035087719298
23	file:/Users/miriamthompson/Desktop/DH%20Project/Mallet/post_revolution/MVHD43.txt	0.22868217054263568	0.04263565891472869	0.01937984496124031	0.3682170542635659	0.2984496124031008	0.04263565891472869
24	file:/Users/miriamthompson/Desktop/DH%20Project/Mallet/post_revolution/ESB6.txt	0.31560283687943264	0.01773049645390071	0.03900709219858156	0.2517730496453901	0.33687943262411346	0.03900709219858156
25	file:/Users/miriamthompson/Desktop/DH%20Project/Mallet/post_revolution/EHT48.txt	0.04166666666666667	0.45075757575757575	0.38257575757575757	0.06439393939393939	0.04166666666666667	0.01893939393939394
26	file:/Users/miriamthompson/Desktop/DH%20Project/Mallet/post_revolution/EHT74.txt	0.03985507246376812	0.3007246376811594	0.2355072463768116	0.12681159420289853	0.1920289855072464	0.10507246376811594
27	file:/Users/miriamthompson/Desktop/DH%20Project/Mallet/post_revolution/EHT60.txt	0.07986111111111112	0.3090277777777778	0.20486111111111113	0.2465277777777778	0.05902777777777778	0.10069444444444443
28	file:/Users/miriamthompson/Desktop/DH%20Project/Mallet/post_revolution/EHT61.txt	0.07456140350877194	0.39035087719298245	0.15350877192982457	0.12719298245614033	0.07456140350877194	0.17982456140350878
29	file:/Users/miriamthompson/Desktop/DH%20Project/Mallet/post_revolution/EHT75.txt	0.15185185185185185	0.4629629629629629	0.06296296296296297	0.08518518518518518	0.1962962962962963	0.040740740740740744
30	file:/Users/miriamthompson/Desktop/DH%20Project/Mallet/post_revolution/EHT49.txt	0.018115942028985508	0.45289855072463764	0.27898550724637683	0.06159420289855073	0.03985507246376812	0.14855072463768115
31	file:/Users/miriamthompson/Desktop/DH%20Project/Mallet/post_revolution/ESB7.txt	0.18794326241134754	0.16666666666666666	0.2092198581560284	0.18794326241134754	0.1453900709219858	0.10283687943262411
32	file:/Users/miriamthompson/Desktop/DH%20Project/Mallet/post_revolution/MBS1.txt	0.15359477124183005	0.03594771241830066	0.016339869281045753	0.4084967320261438	0.09477124183006536	0.2908496732026144
33	file:/Users/miriamthompson/Desktop/DH%20Project/Mallet/post_revolution/MVHD42.txt	0.08914728682170543	0.06589147286821706	0.15891472868217055	0.25193798449612403	0.08914728682170543	0.3449612403100775
34	file:/Users/miriamthompson/Desktop/DH%20Project/Mallet/post_revolution/MVHD56.txt	0.2054263565891473	0.04263565891472869	0.13565891472868216	0.2054263565891473	0.2751937984496124	0.13565891472868216
35	file:/Users/miriamthompson/Desktop/DH%20Project/Mallet/post_revolution/MVHD81.txt	0.17407407407407408	0.1074074074074074	0.01851851851851852	0.15185185185185185	0.37407407407407406	0.17407407407407408
36	file:/Users/miriamthompson/Desktop/DH%20Project/Mallet/post_revolution/MVHD95.txt	0.10087719298245615	0.20614035087719298	0.048245614035087724	0.31140350877192985	0.31140350877192985	0.02192982456140351
37	file:/Users/miriamthompson/Desktop/DH%20Project/Mallet/post_revolution/MVHD91.txt	0.18794326241134754	0.1453900709219858	0.01773049645390071	0.23049645390070922	0.2517730496453901	0.16666666666666666
38	file:/Users/miriamthompson/Desktop/DH%20Project/Mallet/post_revolution/MVHD85.txt	0.2175925925925926	0.0787037037037037	0.3287037037037037	0.02314814814814815	0.10648148148148148	0.24537037037037038
39	file:/Users/miriamthompson/Desktop/DH%20Project/Mallet/post_revolution/MVHD52.txt	0.04954954954954956	0.07657657657657659	0.04954954954954956	0.18468468468468469	0.48198198198198194	0.15765765765765766
40	file:/Users/miriamthompson/Desktop/DH%20Project/Mallet/post_revolution/MVHD46.txt	0.1920289855072464	0.17028985507246377	0.10507246376811594	0.06159420289855073	0.03985507246376812	0.43115942028985504
41	file:/Users/miriamthompson/Desktop/DH%20Project/Mallet/post_revolution/MBS5.txt	0.32962962962962966	0.08518518518518518	0.15185185185185185	0.1962962962962963	0.08518518518518518	0.15185185185185185
42	file:/Users/miriamthompson/Desktop/DH%20Project/Mallet/post_revolution/ESB3.txt	0.3944444444444445	0.061111111111111116	0.09444444444444446	0.02777777777777778	0.1611111111111111	0.2611111111111111
43	file:/Users/miriamthompson/Desktop/DH%20Project/Mallet/post_revolution/EHT71.txt	0.017006802721088437	0.6496598639455782	0.13945578231292516	0.017006802721088437	0.0782312925170068	0.09863945578231292
44	file:/Users/miriamthompson/Desktop/DH%20Project/Mallet/post_revolution/EHT65.txt	0.13565891472868216	0.2751937984496124	0.39147286821705424	0.04263565891472869	0.08914728682170543	0.06589147286821706
45	file:/Users/miriamthompson/Desktop/DH%20Project/Mallet/post_revolution/EHT59.txt	0.06159420289855073	0.2355072463768116	0.3007246376811594	0.14855072463768115	0.06159420289855073	0.1920289855072464
46	file:/Users/miriamthompson/Desktop/DH%20Project/Mallet/post_revolution/EHT58.txt	0.10069444444444443	0.3090277777777778	0.2673611111111111	0.16319444444444445	0.1423611111111111	0.017361111111111112
47	file:/Users/miriamthompson/Desktop/DH%20Project/Mallet/post_revolution/EHT64.txt	0.08712121212121213	0.2916666666666667	0.2916666666666667	0.20075757575757577	0.08712121212121213	0.04166666666666667
48	file:/Users/miriamthompson/Desktop/DH%20Project/Mallet/post_revolution/EHT70.txt	0.01893939393939394	0.2916666666666667	0.35984848484848486	0.04166666666666667	0.13257575757575757	0.1553030303030303
49	file:/Users/miriamthompson/Desktop/DH%20Project/Mallet/post_revolution/ESB2.txt	0.2676767676767677	0.025252525252525252	0.05555555555555556	0.4191919191919192	0.025252525252525252	0.20707070707070707
50	file:/Users/miriamthompson/Desktop/DH%20Project/Mallet/post_revolution/MBS4.txt	0.13945578231292516	0.13945578231292516	0.0782312925170068	0.09863945578231292	0.22108843537414968	0.3231292517006803
51	file:/Users/miriamthompson/Desktop/DH%20Project/Mallet/post_revolution/MVHD47.txt	0.061111111111111116	0.02777777777777778	0.22777777777777777	0.19444444444444445	0.4277777777777778	0.061111111111111116
52	file:/Users/miriamthompson/Desktop/DH%20Project/Mallet/post_revolution/MVHD53.txt	0.12719298245614033	0.10087719298245615	0.10087719298245615	0.10087719298245615	0.46929824561403505	0.10087719298245615
53	file:/Users/miriamthompson/Desktop/DH%20Project/Mallet/post_revolution/MVHD84.txt	0.060283687943262415	0.10283687943262411	0.1453900709219858	0.2943262411347518	0.10283687943262411	0.2943262411347518
54	file:/Users/miriamthompson/Desktop/DH%20Project/Mallet/post_revolution/MVHD90.txt	0.1626984126984127	0.3055555555555556	0.019841269841269844	0.043650793650793655	0.28174603174603174	0.1865079365079365
55	file:/Users/miriamthompson/Desktop/DH%20Project/Mallet/post_revolution/MVHD86.txt	0.06439393939393939	0.178030303030303	0.08712121212121213	0.13257575757575757	0.10984848484848485	0.428030303030303
56	file:/Users/miriamthompson/Desktop/DH%20Project/Mallet/post_revolution/MVHD92.txt	0.1423611111111111	0.10069444444444443	0.05902777777777778	0.03819444444444445	0.20486111111111113	0.4548611111111111
57	file:/Users/miriamthompson/Desktop/DH%20Project/Mallet/post_revolution/MVHD79.txt	0.21544715447154472	0.02032520325203252	0.16666666666666666	0.14227642276422764	0.14227642276422764	0.31300813008130085
58	file:/Users/miriamthompson/Desktop/DH%20Project/Mallet/post_revolution/MVHD45.txt	0.16666666666666666	0.08095238095238096	0.13809523809523808	0.08095238095238096	0.5095238095238095	0.02380952380952381
59	file:/Users/miriamthompson/Desktop/DH%20Project/Mallet/post_revolution/MVHD51.txt	0.23245614035087722	0.02192982456140351	0.17982456140350878	0.25877192982456143	0.048245614035087724	0.25877192982456143
60	file:/Users/miriamthompson/Desktop/DH%20Project/Mallet/post_revolution/EHT66.txt	0.019841269841269844	0.21031746031746032	0.1388888888888889	0.4246031746031746	0.09126984126984128	0.11507936507936507
61	file:/Users/miriamthompson/Desktop/DH%20Project/Mallet/post_revolution/EHT72.txt	0.10069444444444443	0.3298611111111111	0.22569444444444445	0.22569444444444445	0.07986111111111112	0.03819444444444445
62	file:/Users/miriamthompson/Desktop/DH%20Project/Mallet/post_revolution/EHT73.txt	0.01893939393939394	0.45075757575757575	0.20075757575757577	0.01893939393939394	0.13257575757575757	0.178030303030303
63	file:/Users/miriamthompson/Desktop/DH%20Project/Mallet/post_revolution/EHT67.txt	0.12411347517730496	0.33687943262411346	0.2517730496453901	0.16666666666666666	0.01773049645390071	0.10283687943262411
64	file:/Users/miriamthompson/Desktop/DH%20Project/Mallet/post_revolution/ESB1.txt	0.4494949494949495	0.08585858585858586	0.14646464646464646	0.08585858585858586	0.11616161616161616	0.11616161616161616
65	file:/Users/miriamthompson/Desktop/DH%20Project/Mallet/post_revolution/MVHD50.txt	0.1752136752136752	0.047008547008547015	0.021367521367521368	0.14957264957264957	0.45726495726495725	0.14957264957264957
66	file:/Users/miriamthompson/Desktop/DH%20Project/Mallet/post_revolution/MVHD44.txt	0.2054263565891473	0.01937984496124031	0.06589147286821706	0.3449612403100775	0.2751937984496124	0.08914728682170543
67	file:/Users/miriamthompson/Desktop/DH%20Project/Mallet/post_revolution/MVHD78.txt	0.11274509803921569	0.1715686274509804	0.024509803921568627	0.1715686274509804	0.3186274509803922	0.20098039215686272
68	file:/Users/miriamthompson/Desktop/DH%20Project/Mallet/post_revolution/MVHD93.txt	0.41203703703703703	0.02314814814814815	0.10648148148148148	0.16203703703703703	0.05092592592592593	0.24537037037037038
69	file:/Users/miriamthompson/Desktop/DH%20Project/Mallet/post_revolution/MVHD87.txt	0.11904761904761904	0.09863945578231292	0.20068027210884354	0.09863945578231292	0.18027210884353742	0.30272108843537415
70	file:/Users/miriamthompson/Desktop/DH%20Project/Mallet/post_revolution/ESB15.txt	0.08518518518518518	0.01851851851851852	0.17407407407407408	0.5740740740740741	0.1074074074074074	0.040740740740740744
71	file:/Users/miriamthompson/Desktop/DH%20Project/Mallet/post_revolution/ESB29.txt	0.31981981981981983	0.04954954954954956	0.07657657657657659	0.15765765765765766	0.23873873873873874	0.15765765765765766
72	file:/Users/miriamthompson/Desktop/DH%20Project/Mallet/post_revolution/HRG2.txt	0.2467948717948718	0.09294871794871794	0.07371794871794872	0.09294871794871794	0.266025641025641	0.2275641025641026
73	file:/Users/miriamthompson/Desktop/DH%20Project/Mallet/post_revolution/MVHD23.txt	0.06746031746031747	0.11507936507936507	0.1626984126984127	0.1388888888888889	0.09126984126984128	0.4246031746031746
74	file:/Users/miriamthompson/Desktop/DH%20Project/Mallet/post_revolution/MVHD37.txt	0.06589147286821706	0.15891472868217055	0.1821705426356589	0.2751937984496124	0.06589147286821706	0.25193798449612403
75	file:/Users/miriamthompson/Desktop/DH%20Project/Mallet/post_revolution/EHT28.txt	0.06159420289855073	0.213768115942029	0.45289855072463764	0.018115942028985508	0.03985507246376812	0.213768115942029
76	file:/Users/miriamthompson/Desktop/DH%20Project/Mallet/post_revolution/EHT14.txt	0.21851851851851853	0.040740740740740744	0.01851851851851852	0.26296296296296295	0.35185185185185186	0.1074074074074074
77	file:/Users/miriamthompson/Desktop/DH%20Project/Mallet/post_revolution/MVHD111.txt	0.07083333333333333	0.07083333333333333	0.09583333333333334	0.14583333333333331	0.14583333333333331	0.4708333333333333
78	file:/Users/miriamthompson/Desktop/DH%20Project/Mallet/post_revolution/MVHD105.txt	0.3611111111111111	0.02777777777777778	0.09444444444444446	0.22777777777777777	0.1611111111111111	0.1277777777777778
79	file:/Users/miriamthompson/Desktop/DH%20Project/Mallet/post_revolution/MVHD104.txt	0.1920289855072464	0.10507246376811594	0.213768115942029	0.12681159420289853	0.10507246376811594	0.25724637681159424
80	file:/Users/miriamthompson/Desktop/DH%20Project/Mallet/post_revolution/MVHD110.txt	0.1388888888888889	0.3055555555555556	0.019841269841269844	0.019841269841269844	0.11507936507936507	0.40079365079365076
81	file:/Users/miriamthompson/Desktop/DH%20Project/Mallet/post_revolution/EHT15.txt	0.05782312925170068	0.0782312925170068	0.2414965986394558	0.3435374149659864	0.0782312925170068	0.20068027210884354
82	file:/Users/miriamthompson/Desktop/DH%20Project/Mallet/post_revolution/EHT29.txt	0.05345911949685535	0.33647798742138363	0.43081761006289304	0.05345911949685535	0.034591194968553465	0.09119496855345911
83	file:/Users/miriamthompson/Desktop/DH%20Project/Mallet/post_revolution/MVHD36.txt	0.0934959349593496	0.21544715447154472	0.4593495934959349	0.06910569105691057	0.044715447154471545	0.11788617886178861
84	file:/Users/miriamthompson/Desktop/DH%20Project/Mallet/post_revolution/MVHD22.txt	0.10952380952380952	0.13809523809523808	0.05238095238095238	0.16666666666666666	0.10952380952380952	0.4238095238095238
85	file:/Users/miriamthompson/Desktop/DH%20Project/Mallet/post_revolution/HRG3.txt	0.43115942028985504	0.08333333333333334	0.10507246376811594	0.25724637681159424	0.018115942028985508	0.10507246376811594
86	file:/Users/miriamthompson/Desktop/DH%20Project/Mallet/post_revolution/ESB28.txt	0.32962962962962966	0.040740740740740744	0.1074074074074074	0.1074074074074074	0.3074074074074074	0.1074074074074074
87	file:/Users/miriamthompson/Desktop/DH%20Project/Mallet/post_revolution/ESB14.txt	0.09477124183006536	0.13398692810457516	0.15359477124183005	0.11437908496732026	0.38888888888888884	0.11437908496732026
88	file:/Users/miriamthompson/Desktop/DH%20Project/Mallet/post_revolution/ESB16.txt	0.3458333333333333	0.04583333333333334	0.12083333333333332	0.24583333333333335	0.19583333333333333	0.04583333333333334
89	file:/Users/miriamthompson/Desktop/DH%20Project/Mallet/post_revolution/HRG1.txt	0.3449612403100775	0.1821705426356589	0.13565891472868216	0.04263565891472869	0.1821705426356589	0.11240310077519379
90	file:/Users/miriamthompson/Desktop/DH%20Project/Mallet/post_revolution/MVHD34.txt	0.01893939393939394	0.2234848484848485	0.2916666666666667	0.04166666666666667	0.08712121212121213	0.33712121212121215
91	file:/Users/miriamthompson/Desktop/DH%20Project/Mallet/post_revolution/MVHD20.txt	0.297979797979798	0.05555555555555556	0.14646464646464646	0.08585858585858586	0.23737373737373738	0.17676767676767677
92	file:/Users/miriamthompson/Desktop/DH%20Project/Mallet/post_revolution/EHT17.txt	0.03333333333333333	0.08787878787878788	0.23333333333333334	0.08787878787878788	0.23333333333333334	0.3242424242424242
93	file:/Users/miriamthompson/Desktop/DH%20Project/Mallet/post_revolution/MVHD106.txt	0.05555555555555556	0.08585858585858586	0.05555555555555556	0.08585858585858586	0.47979797979797983	0.23737373737373738
94	file:/Users/miriamthompson/Desktop/DH%20Project/Mallet/post_revolution/MVHD112.txt	0.3738738738738739	0.10360360360360361	0.13063063063063063	0.07657657657657659	0.13063063063063063	0.18468468468468469
95	file:/Users/miriamthompson/Desktop/DH%20Project/Mallet/post_revolution/MVHD113.txt	0.2355072463768116	0.1920289855072464	0.17028985507246377	0.06159420289855073	0.14855072463768115	0.1920289855072464
96	file:/Users/miriamthompson/Desktop/DH%20Project/Mallet/post_revolution/MVHD107.txt	0.09829059829059829	0.25213675213675213	0.021367521367521368	0.25213675213675213	0.09829059829059829	0.2777777777777778
97	file:/Users/miriamthompson/Desktop/DH%20Project/Mallet/post_revolution/EHT16.txt	0.09294871794871794	0.05448717948717949	0.035256410256410256	0.20833333333333334	0.15064102564102563	0.4583333333333333
98	file:/Users/miriamthompson/Desktop/DH%20Project/Mallet/post_revolution/MVHD21.txt	0.17982456140350878	0.02192982456140351	0.12719298245614033	0.12719298245614033	0.44298245614035087	0.10087719298245615
99	file:/Users/miriamthompson/Desktop/DH%20Project/Mallet/post_revolution/MVHD35.txt	0.018115942028985508	0.018115942028985508	0.3007246376811594	0.10507246376811594	0.14855072463768115	0.40942028985507245
100	file:/Users/miriamthompson/Desktop/DH%20Project/Mallet/post_revolution/ESB17.txt	0.4349593495934959	0.044715447154471545	0.06910569105691057	0.02032520325203252	0.41056910569105687	0.02032520325203252
101	file:/Users/miriamthompson/Desktop/DH%20Project/Mallet/post_revolution/ESB13.txt	0.022522522522522525	0.022522522522522525	0.07657657657657659	0.536036036036036	0.23873873873873874	0.10360360360360361
102	file:/Users/miriamthompson/Desktop/DH%20Project/Mallet/post_revolution/HRG4.txt	0.2696969696969697	0.03333333333333333	0.12424242424242424	0.21515151515151515	0.10606060606060605	0.2515151515151515
103	file:/Users/miriamthompson/Desktop/DH%20Project/Mallet/post_revolution/MVHD19.txt	0.07456140350877194	0.07456140350877194	0.10087719298245615	0.4166666666666667	0.15350877192982457	0.17982456140350878
104	file:/Users/miriamthompson/Desktop/DH%20Project/Mallet/post_revolution/MVHD31.txt	0.24537037037037038	0.05092592592592593	0.16203703703703703	0.0787037037037037	0.24537037037037038	0.2175925925925926
105	file:/Users/miriamthompson/Desktop/DH%20Project/Mallet/post_revolution/MVHD25.txt	0.02314814814814815	0.13425925925925924	0.1898148148148148	0.16203703703703703	0.2175925925925926	0.27314814814814814
106	file:/Users/miriamthompson/Desktop/DH%20Project/Mallet/post_revolution/MVHD9.txt	0.1865079365079365	0.1388888888888889	0.1388888888888889	0.1626984126984127	0.28174603174603174	0.09126984126984128
107	file:/Users/miriamthompson/Desktop/DH%20Project/Mallet/post_revolution/EHT12.txt	0.05345911949685535	0.09119496855345911	0.33647798742138363	0.20440251572327045	0.09119496855345911	0.22327044025157233
108	file:/Users/miriamthompson/Desktop/DH%20Project/Mallet/post_revolution/MVHD103.txt	0.20614035087719298	0.02192982456140351	0.02192982456140351	0.44298245614035087	0.12719298245614033	0.17982456140350878
109	file:/Users/miriamthompson/Desktop/DH%20Project/Mallet/post_revolution/MVHD117.txt	0.19523809523809524	0.05238095238095238	0.08095238095238096	0.3666666666666667	0.13809523809523808	0.16666666666666666
110	file:/Users/miriamthompson/Desktop/DH%20Project/Mallet/post_revolution/MVHD116.txt	0.3666666666666667	0.05238095238095238	0.05238095238095238	0.2238095238095238	0.2238095238095238	0.08095238095238096
111	file:/Users/miriamthompson/Desktop/DH%20Project/Mallet/post_revolution/MVHD102.txt	0.12083333333333332	0.09583333333333334	0.04583333333333334	0.19583333333333333	0.020833333333333336	0.5208333333333333
112	file:/Users/miriamthompson/Desktop/DH%20Project/Mallet/post_revolution/EHT13.txt	0.1821705426356589	0.11240310077519379	0.25193798449612403	0.1821705426356589	0.15891472868217055	0.11240310077519379
113	file:/Users/miriamthompson/Desktop/DH%20Project/Mallet/post_revolution/MVHD8.txt	0.25793650793650796	0.09126984126984128	0.40079365079365076	0.019841269841269844	0.1865079365079365	0.043650793650793655
114	file:/Users/miriamthompson/Desktop/DH%20Project/Mallet/post_revolution/MVHD24.txt	0.15185185185185185	0.06296296296296297	0.17407407407407408	0.040740740740740744	0.26296296296296295	0.3074074074074074
115	file:/Users/miriamthompson/Desktop/DH%20Project/Mallet/post_revolution/MVHD30.txt	0.08712121212121213	0.33712121212121215	0.08712121212121213	0.24621212121212122	0.10984848484848485	0.13257575757575757
116	file:/Users/miriamthompson/Desktop/DH%20Project/Mallet/post_revolution/MVHD18.txt	0.08585858585858586	0.05555555555555556	0.11616161616161616	0.025252525252525252	0.3282828282828283	0.3888888888888889
117	file:/Users/miriamthompson/Desktop/DH%20Project/Mallet/post_revolution/ESB12.txt	0.18027210884353742	0.017006802721088437	0.13945578231292516	0.3435374149659864	0.30272108843537415	0.017006802721088437
118	file:/Users/miriamthompson/Desktop/DH%20Project/Mallet/post_revolution/ESB38.txt	0.6007751937984496	0.01937984496124031	0.06589147286821706	0.04263565891472869	0.22868217054263568	0.04263565891472869
119	file:/Users/miriamthompson/Desktop/DH%20Project/Mallet/post_revolution/ESB10.txt	0.42792792792792794	0.10360360360360361	0.022522522522522525	0.04954954954954956	0.31981981981981983	0.07657657657657659
120	file:/Users/miriamthompson/Desktop/DH%20Project/Mallet/post_revolution/MVHD26.txt	0.047008547008547015	0.021367521367521368	0.047008547008547015	0.48290598290598286	0.09829059829059829	0.30341880341880345
121	file:/Users/miriamthompson/Desktop/DH%20Project/Mallet/post_revolution/MVHD32.txt	0.18794326241134754	0.1453900709219858	0.03900709219858156	0.16666666666666666	0.2943262411347518	0.16666666666666666
122	file:/Users/miriamthompson/Desktop/DH%20Project/Mallet/post_revolution/EHT11.txt	0.1289308176100629	0.20440251572327045	0.14779874213836477	0.24213836477987422	0.09119496855345911	0.18553459119496857
123	file:/Users/miriamthompson/Desktop/DH%20Project/Mallet/post_revolution/EHT39.txt	0.01893939393939394	0.35984848484848486	0.38257575757575757	0.01893939393939394	0.178030303030303	0.04166666666666667
124	file:/Users/miriamthompson/Desktop/DH%20Project/Mallet/post_revolution/MVHD114.txt	0.060283687943262415	0.23049645390070922	0.03900709219858156	0.18794326241134754	0.18794326241134754	0.2943262411347518
125	file:/Users/miriamthompson/Desktop/DH%20Project/Mallet/post_revolution/MVHD100.txt	0.13565891472868216	0.11240310077519379	0.08914728682170543	0.22868217054263568	0.2054263565891473	0.22868217054263568
126	file:/Users/miriamthompson/Desktop/DH%20Project/Mallet/post_revolution/MVHD101.txt	0.5436507936507936	0.019841269841269844	0.019841269841269844	0.09126984126984128	0.11507936507936507	0.21031746031746032
127	file:/Users/miriamthompson/Desktop/DH%20Project/Mallet/post_revolution/MVHD115.txt	0.06547619047619048	0.06547619047619048	0.029761904761904764	0.45833333333333337	0.20833333333333331	0.17261904761904762
128	file:/Users/miriamthompson/Desktop/DH%20Project/Mallet/post_revolution/EHT38.txt	0.01937984496124031	0.2984496124031008	0.2054263565891473	0.08914728682170543	0.25193798449612403	0.13565891472868216
129	file:/Users/miriamthompson/Desktop/DH%20Project/Mallet/post_revolution/EHT10.txt	0.25617283950617287	0.07098765432098765	0.14506172839506173	0.2006172839506173	0.14506172839506173	0.18209876543209877
130	file:/Users/miriamthompson/Desktop/DH%20Project/Mallet/post_revolution/MVHD33.txt	0.04166666666666667	0.10984848484848485	0.06439393939393939	0.20075757575757577	0.24621212121212122	0.33712121212121215
131	file:/Users/miriamthompson/Desktop/DH%20Project/Mallet/post_revolution/MVHD27.txt	0.2851851851851852	0.1074074074074074	0.12962962962962962	0.12962962962962962	0.12962962962962962	0.21851851851851853
132	file:/Users/miriamthompson/Desktop/DH%20Project/Mallet/post_revolution/ESB11.txt	0.3242424242424242	0.1606060606060606	0.03333333333333333	0.21515151515151515	0.196969696969697	0.0696969696969697
133	file:/Users/miriamthompson/Desktop/DH%20Project/Mallet/post_revolution/ESB39.txt	0.45726495726495725	0.1752136752136752	0.14957264957264957	0.047008547008547015	0.12393162393162392	0.047008547008547015
134	file:/Users/miriamthompson/Desktop/DH%20Project/Mallet/post_revolution/ESB20.txt	0.268939393939394	0.01893939393939394	0.06439393939393939	0.10984848484848485	0.38257575757575757	0.1553030303030303
135	file:/Users/miriamthompson/Desktop/DH%20Project/Mallet/post_revolution/ESB34.txt	0.49691358024691357	0.03395061728395062	0.07098765432098765	0.2006172839506173	0.16358024691358025	0.03395061728395062
136	file:/Users/miriamthompson/Desktop/DH%20Project/Mallet/post_revolution/MVHD16.txt	0.32905982905982906	0.07264957264957266	0.021367521367521368	0.021367521367521368	0.14957264957264957	0.405982905982906
137	file:/Users/miriamthompson/Desktop/DH%20Project/Mallet/post_revolution/MVHD6.txt	0.21544715447154472	0.02032520325203252	0.044715447154471545	0.26422764227642276	0.14227642276422764	0.31300813008130085
138	file:/Users/miriamthompson/Desktop/DH%20Project/Mallet/post_revolution/EHT21.txt	0.03985507246376812	0.06159420289855073	0.27898550724637683	0.34420289855072467	0.17028985507246377	0.10507246376811594
139	file:/Users/miriamthompson/Desktop/DH%20Project/Mallet/post_revolution/EHT35.txt	0.06439393939393939	0.2916666666666667	0.1553030303030303	0.08712121212121213	0.178030303030303	0.2234848484848485
140	file:/Users/miriamthompson/Desktop/DH%20Project/Mallet/post_revolution/MVHD118.txt	0.07657657657657659	0.10360360360360361	0.07657657657657659	0.31981981981981983	0.23873873873873874	0.18468468468468469
141	file:/Users/miriamthompson/Desktop/DH%20Project/Mallet/post_revolution/MVHD119.txt	0.047008547008547015	0.09829059829059829	0.12393162393162392	0.3803418803418804	0.07264957264957266	0.2777777777777778
142	file:/Users/miriamthompson/Desktop/DH%20Project/Mallet/post_revolution/EHT34.txt	0.12962962962962962	0.2851851851851852	0.2851851851851852	0.12962962962962962	0.01851851851851852	0.15185185185185185
143	file:/Users/miriamthompson/Desktop/DH%20Project/Mallet/post_revolution/EHT20.txt	0.39147286821705424	0.06589147286821706	0.01937984496124031	0.11240310077519379	0.25193798449612403	0.15891472868217055
144	file:/Users/miriamthompson/Desktop/DH%20Project/Mallet/post_revolution/MVHD7.txt	0.28174603174603174	0.06746031746031747	0.40079365079365076	0.019841269841269844	0.1865079365079365	0.043650793650793655
145	file:/Users/miriamthompson/Desktop/DH%20Project/Mallet/post_revolution/MVHD17.txt	0.07083333333333333	0.020833333333333336	0.09583333333333334	0.17083333333333334	0.17083333333333334	0.4708333333333333
146	file:/Users/miriamthompson/Desktop/DH%20Project/Mallet/post_revolution/ESB35.txt	0.3074074074074074	0.040740740740740744	0.17407407407407408	0.12962962962962962	0.2851851851851852	0.06296296296296297
147	file:/Users/miriamthompson/Desktop/DH%20Project/Mallet/post_revolution/ESB21.txt	0.39147286821705424	0.01937984496124031	0.06589147286821706	0.2054263565891473	0.2751937984496124	0.04263565891472869
148	file:/Users/miriamthompson/Desktop/DH%20Project/Mallet/post_revolution/ESB37.txt	0.3666666666666667	0.05238095238095238	0.16666666666666666	0.16666666666666666	0.08095238095238096	0.16666666666666666
149	file:/Users/miriamthompson/Desktop/DH%20Project/Mallet/post_revolution/ESB23.txt	0.19583333333333333	0.12083333333333332	0.14583333333333331	0.22083333333333335	0.07083333333333333	0.24583333333333335
150	file:/Users/miriamthompson/Desktop/DH%20Project/Mallet/post_revolution/MVHD15.txt	0.17028985507246377	0.10507246376811594	0.1920289855072464	0.14855072463768115	0.2355072463768116	0.14855072463768115
151	file:/Users/miriamthompson/Desktop/DH%20Project/Mallet/post_revolution/MVHD29.txt	0.1074074074074074	0.2851851851851852	0.06296296296296297	0.21851851851851853	0.15185185185185185	0.17407407407407408
152	file:/Users/miriamthompson/Desktop/DH%20Project/Mallet/post_revolution/MVHD5.txt	0.21171171171171171	0.022522522522522525	0.13063063063063063	0.18468468468468469	0.31981981981981983	0.13063063063063063
153	file:/Users/miriamthompson/Desktop/DH%20Project/Mallet/post_revolution/EHT36.txt	0.20486111111111113	0.16319444444444445	0.12152777777777778	0.2465277777777778	0.16319444444444445	0.10069444444444443
154	file:/Users/miriamthompson/Desktop/DH%20Project/Mallet/post_revolution/EHT22.txt	0.21515151515151515	0.05151515151515152	0.1787878787878788	0.23333333333333334	0.1787878787878788	0.14242424242424243
155	file:/Users/miriamthompson/Desktop/DH%20Project/Mallet/post_revolution/EHT23.txt	0.017006802721088437	0.03741496598639456	0.11904761904761904	0.3843537414965986	0.09863945578231292	0.3435374149659864
156	file:/Users/miriamthompson/Desktop/DH%20Project/Mallet/post_revolution/EHT37.txt	0.12152777777777778	0.3506944444444444	0.20486111111111113	0.16319444444444445	0.1423611111111111	0.017361111111111112
157	file:/Users/miriamthompson/Desktop/DH%20Project/Mallet/post_revolution/MVHD4.txt	0.14957264957264957	0.12393162393162392	0.14957264957264957	0.22649572649572652	0.07264957264957266	0.2777777777777778
158	file:/Users/miriamthompson/Desktop/DH%20Project/Mallet/post_revolution/MVHD28.txt	0.2927927927927928	0.21171171171171171	0.022522522522522525	0.07657657657657659	0.07657657657657659	0.31981981981981983
159	file:/Users/miriamthompson/Desktop/DH%20Project/Mallet/post_revolution/MVHD14.txt	0.05448717948717949	0.18910256410256412	0.34294871794871795	0.13141025641025642	0.07371794871794872	0.20833333333333334
160	file:/Users/miriamthompson/Desktop/DH%20Project/Mallet/post_revolution/ESB22.txt	0.08333333333333334	0.018115942028985508	0.018115942028985508	0.43115942028985504	0.3007246376811594	0.14855072463768115
161	file:/Users/miriamthompson/Desktop/DH%20Project/Mallet/post_revolution/ESB36.txt	0.5296296296296296	0.06296296296296297	0.01851851851851852	0.08518518518518518	0.24074074074074076	0.06296296296296297
162	file:/Users/miriamthompson/Desktop/DH%20Project/Mallet/post_revolution/ESB32.txt	0.2523809523809524	0.05238095238095238	0.02380952380952381	0.05238095238095238	0.5380952380952381	0.08095238095238096
163	file:/Users/miriamthompson/Desktop/DH%20Project/Mallet/post_revolution/ESB26.txt	0.044715447154471545	0.41056910569105687	0.19105691056910568	0.0934959349593496	0.16666666666666666	0.0934959349593496
164	file:/Users/miriamthompson/Desktop/DH%20Project/Mallet/post_revolution/MVHD38.txt	0.016025641025641028	0.2275641025641026	0.34294871794871795	0.035256410256410256	0.05448717948717949	0.3237179487179487
165	file:/Users/miriamthompson/Desktop/DH%20Project/Mallet/post_revolution/MVHD10.txt	0.20085470085470084	0.12393162393162392	0.047008547008547015	0.09829059829059829	0.2777777777777778	0.25213675213675213
166	file:/Users/miriamthompson/Desktop/DH%20Project/Mallet/post_revolution/EHT33.txt	0.12962962962962962	0.01851851851851852	0.35185185185185186	0.15185185185185185	0.12962962962962962	0.21851851851851853
167	file:/Users/miriamthompson/Desktop/DH%20Project/Mallet/post_revolution/EHT27.txt	0.16987179487179488	0.3814102564102564	0.05448717948717949	0.15064102564102563	0.05448717948717949	0.18910256410256412
168	file:/Users/miriamthompson/Desktop/DH%20Project/Mallet/post_revolution/EHT26.txt	0.01937984496124031	0.2984496124031008	0.1821705426356589	0.06589147286821706	0.13565891472868216	0.2984496124031008
169	file:/Users/miriamthompson/Desktop/DH%20Project/Mallet/post_revolution/EHT32.txt	0.06439393939393939	0.13257575757575757	0.33712121212121215	0.08712121212121213	0.06439393939393939	0.3143939393939394
170	file:/Users/miriamthompson/Desktop/DH%20Project/Mallet/post_revolution/MVHD1.txt	0.376984126984127	0.019841269841269844	0.1388888888888889	0.28174603174603174	0.06746031746031747	0.11507936507936507
171	file:/Users/miriamthompson/Desktop/DH%20Project/Mallet/post_revolution/MVHD11.txt	0.3944444444444445	0.061111111111111116	0.1611111111111111	0.09444444444444446	0.1277777777777778	0.1611111111111111
172	file:/Users/miriamthompson/Desktop/DH%20Project/Mallet/post_revolution/MVHD39.txt	0.03985507246376812	0.018115942028985508	0.3659420289855072	0.1920289855072464	0.10507246376811594	0.27898550724637683
173	file:/Users/miriamthompson/Desktop/DH%20Project/Mallet/post_revolution/ESB27.txt	0.1277777777777778	0.1611111111111111	0.02777777777777778	0.1611111111111111	0.4277777777777778	0.09444444444444446
174	file:/Users/miriamthompson/Desktop/DH%20Project/Mallet/post_revolution/ESB33.txt	0.41056910569105687	0.02032520325203252	0.14227642276422764	0.06910569105691057	0.14227642276422764	0.21544715447154472
175	file:/Users/miriamthompson/Desktop/DH%20Project/Mallet/post_revolution/ESB19.txt	0.08950617283950617	0.2006172839506173	0.12654320987654322	0.05246913580246914	0.38580246913580246	0.14506172839506173
176	file:/Users/miriamthompson/Desktop/DH%20Project/Mallet/post_revolution/ESB25.txt	0.25163398692810457	0.3104575163398693	0.2124183006535948	0.016339869281045753	0.15359477124183005	0.05555555555555556
177	file:/Users/miriamthompson/Desktop/DH%20Project/Mallet/post_revolution/ESB31.txt	0.4458333333333333	0.04583333333333334	0.09583333333333334	0.17083333333333334	0.12083333333333332	0.12083333333333332
178	file:/Users/miriamthompson/Desktop/DH%20Project/Mallet/post_revolution/MVHD13.txt	0.2751937984496124	0.01937984496124031	0.15891472868217055	0.22868217054263568	0.2984496124031008	0.01937984496124031
179	file:/Users/miriamthompson/Desktop/DH%20Project/Mallet/post_revolution/MVHD3.txt	0.17676767676767677	0.17676767676767677	0.05555555555555556	0.20707070707070707	0.17676767676767677	0.20707070707070707
180	file:/Users/miriamthompson/Desktop/DH%20Project/Mallet/post_revolution/EHT24.txt	0.043650793650793655	0.06746031746031747	0.1388888888888889	0.25793650793650796	0.3531746031746032	0.1388888888888889
181	file:/Users/miriamthompson/Desktop/DH%20Project/Mallet/post_revolution/EHT30.txt	0.016666666666666666	0.15666666666666665	0.19666666666666668	0.15666666666666665	0.21666666666666667	0.25666666666666665
182	file:/Users/miriamthompson/Desktop/DH%20Project/Mallet/post_revolution/EHT18.txt	0.060283687943262415	0.03900709219858156	0.16666666666666666	0.23049645390070922	0.2517730496453901	0.2517730496453901
183	file:/Users/miriamthompson/Desktop/DH%20Project/Mallet/post_revolution/MVHD121.txt	0.4947916666666667	0.05729166666666667	0.026041666666666668	0.11979166666666667	0.11979166666666667	0.18229166666666666
184	file:/Users/miriamthompson/Desktop/DH%20Project/Mallet/post_revolution/MVHD109.txt	0.1277777777777778	0.09444444444444446	0.1277777777777778	0.3277777777777778	0.22777777777777777	0.09444444444444446
185	file:/Users/miriamthompson/Desktop/DH%20Project/Mallet/post_revolution/MVHD108.txt	0.28174603174603174	0.1626984126984127	0.06746031746031747	0.06746031746031747	0.1865079365079365	0.23412698412698413
186	file:/Users/miriamthompson/Desktop/DH%20Project/Mallet/post_revolution/MVHD120.txt	0.30341880341880345	0.09829059829059829	0.021367521367521368	0.20085470085470084	0.12393162393162392	0.25213675213675213
187	file:/Users/miriamthompson/Desktop/DH%20Project/Mallet/post_revolution/EHT19.txt	0.08787878787878788	0.1606060606060606	0.10606060606060605	0.21515151515151515	0.12424242424242424	0.30606060606060603
188	file:/Users/miriamthompson/Desktop/DH%20Project/Mallet/post_revolution/EHT31.txt	0.09863945578231292	0.09863945578231292	0.5068027210884354	0.13945578231292516	0.03741496598639456	0.11904761904761904
189	file:/Users/miriamthompson/Desktop/DH%20Project/Mallet/post_revolution/EHT25.txt	0.1388888888888889	0.11507936507936507	0.1865079365079365	0.043650793650793655	0.1388888888888889	0.376984126984127
190	file:/Users/miriamthompson/Desktop/DH%20Project/Mallet/post_revolution/MVHD2.txt	0.30341880341880345	0.047008547008547015	0.12393162393162392	0.12393162393162392	0.12393162393162392	0.2777777777777778
191	file:/Users/miriamthompson/Desktop/DH%20Project/Mallet/post_revolution/MVHD12.txt	0.2850877192982456	0.02192982456140351	0.048245614035087724	0.36403508771929827	0.23245614035087722	0.048245614035087724
192	file:/Users/miriamthompson/Desktop/DH%20Project/Mallet/post_revolution/ESB30.txt	0.30952380952380953	0.10952380952380952	0.05238095238095238	0.13809523809523808	0.3380952380952381	0.05238095238095238
193	file:/Users/miriamthompson/Desktop/DH%20Project/Mallet/post_revolution/ESB24.txt	0.12424242424242424	0.2878787878787879	0.4151515151515151	0.0696969696969697	0.08787878787878788	0.015151515151515152
194	file:/Users/miriamthompson/Desktop/DH%20Project/Mallet/post_revolution/ESB18.txt	0.27083333333333337	0.09583333333333334	0.020833333333333336	0.32083333333333336	0.27083333333333337	0.020833333333333336
195	file:/Users/miriamthompson/Desktop/DH%20Project/Mallet/post_revolution/MVHD61.txt	0.18468468468468469	0.07657657657657659	0.022522522522522525	0.07657657657657659	0.26576576576576577	0.3738738738738739
